1000 9895
584 430
627 464
647 263
778 12
431 744
640 511
308 101
475 764
388 221
217 933
74 998
313 378
946 690
229 566
643 750
237 491
456 575
815 436
504 678
122 861
382 894
974 910
611 435
406 651
65 11
191 607
127 349
772 40
739 87
482 212
869 984
448 44
529 277
388 811
202 247
848 589
45 619
763 314
325 779
715 447
339 931
508 826
823 397
532 974
762 225
525 3
374 763
664 501
710 1
586 51
588 613
389 505
421 538
406 166
415 60
555 977
376 122
528 23
802 618
505 602
822 361
737 135
889 828
162 696
84 538
286 186
822 280
381 104
670 803
572 823
710 717
937 947
590 919
993 991
595 895
462 266
907 395
431 825
124 317
552 586
863 858
129 783
392 455
484 85
507 284
538 532
872 438
4 707
705 586
66 388
32 284
530 631
159 669
165 464
212 616
14 543
946 711
86 50
233 542
881 410
994 731
647 521
118 451
781 535
731 696
489 821
147 795
26 712
246 423
85 107
69 662
985 53
539 410
633 619
905 340
231 390
160 269
821 968
874 951
554 181
810 347
60 302
478 229
330 998
679 623
165 313
979 433
652 505
47 385
378 808
417 936
454 397
867 356
376 329
321 600
965 799
468 281
879 825
370 859
936 952
390 492
257 865
19 894
539 475
319 544
410 432
421 117
533 782
684 299
726 943
952 179
91 362
523 44
758 650
64 930
876 705
998 372
711 869
72 508
440 706
150 643
651 938
525 973
927 969
806 522
539 909
617 209
48 724
15 432
163 741
683 975
649 302
66 488
543 654
214 16
911 234
312 24
351 409
852 658
209 496
337 571
48 562
657 612
960 563
479 101
887 104
449 50
892 258
655 102
848 202
293 481
995 27
796 472
448 374
783 194
416 788
723 645
613 569
31 706
71 189
919 371
279 16
322 629
60 371
770 961
40 190
303 909
959 739
192 972
639 287
452 587
476 337
738 60
421 752
229 89
758 187
140 88
611 903
25 296
619 112
214 948
491 773
877 499
672 507
118 548
211 386
802 547
305 121
137 896
923 545
177 391
789 136
92 522
232 401
893 964
43 141
859 732
567 7
854 977
547 43
385 380
993 519
209 16
63 885
745 102
694 57
197 767
819 390
978 913
370 229
477 643
907 288
746 344
30 401
452 451
879 100
419 666
707 79
428 596
251 987
507 437
768 217
532 323
574 701
37 333
648 596
273 686
389 208
30 706
678 400
436 157
97 659
583 855
401 147
437 629
900 115
739 173
908 678
121 930
549 852
933 245
809 959
169 24
268 23
579 581
161 28
766 833
711 64
865 624
66 434
22 943
297 252
634 191
726 647
629 376
614 740
858 150
984 465
72 523
364 339
735 876
904 690
779 526
317 963
456 313
473 765
297 559
49 446
379 915
378 578
162 631
110 801
496 953
392 912
460 158
604 351
435 806
129 407
849 608
707 606
245 643
893 887
451 284
324 22
822 317
85 847
893 1000
750 595
241 577
885 580
375 538
581 859
488 166
750 706
293 771
349 903
870 363
618 464
655 629
837 626
721 741
803 318
802 532
440 312
276 166
1000 144
708 225
68 832
270 444
347 283
294 262
29 43
357 366
404 770
233 332
825 52
494 329
711 480
799 978
623 244
574 808
43 800
136 158
249 748
659 42
603 973
956 632
276 730
61 860
154 49
874 913
764 285
398 173
866 365
578 89
805 756
505 195
820 398
179 62
411 679
667 921
188 304
691 411
804 666
108 127
308 585
460 700
799 641
943 667
71 282
935 929
503 879
145 301
476 281
334 747
27 769
581 362
909 163
412 989
272 168
532 958
645 761
776 616
948 814
54 661
491 973
936 878
519 381
23 938
604 291
969 234
893 823
93 802
477 387
19 283
525 373
965 382
824 894
914 940
366 901
828 682
43 418
86 516
168 677
162 95
423 420
281 635
926 5
591 411
501 821
542 53
891 501
284 733
582 810
949 221
808 991
593 3
975 873
82 520
433 910
506 716
316 213
57 190
132 296
649 386
354 392
996 47
501 599
907 598
433 799
623 264
351 53
47 103
180 163
458 269
170 409
924 34
670 458
342 907
643 602
978 855
596 602
136 408
139 811
485 913
134 790
433 475
929 574
252 979
93 465
184 627
222 239
615 620
984 26
982 549
827 612
511 247
848 697
161 192
429 832
840 761
145 265
844 909
48 388
249 941
88 493
73 127
323 10
267 395
378 634
783 835
399 702
809 476
993 175
956 277
7 325
605 122
550 933
516 733
684 367
639 373
9 276
881 799
668 923
171 725
140 584
289 770
199 724
884 213
93 707
279 887
30 43
582 628
440 257
228 224
17 777
163 535
419 737
223 431
439 738
10 775
318 497
546 76
655 978
597 833
200 528
509 634
267 642
768 365
700 872
664 302
1000 43
498 892
873 920
123 105
910 311
787 40
365 236
611 854
988 450
246 273
545 238
907 963
602 489
565 227
967 211
971 148
520 316
230 773
854 195
956 663
190 715
285 203
633 759
445 263
853 506
221 8
783 483
24 804
570 875
927 353
328 626
202 415
535 65
641 964
776 593
762 294
68 395
432 502
750 858
508 577
783 935
548 793
888 479
707 613
227 879
598 866
654 688
605 94
534 474
862 567
584 643
439 770
595 216
814 45
448 767
675 16
626 766
951 231
989 336
504 412
206 938
499 220
410 695
367 93
663 896
192 567
544 804
820 593
113 755
424 866
800 822
423 108
480 558
834 693
941 751
565 771
522 118
264 858
746 488
648 837
332 57
904 394
479 186
261 115
618 558
17 535
990 562
440 987
50 988
616 3
992 152
428 891
88 732
548 900
136 771
514 79
905 177
568 85
715 978
899 943
882 845
99 77
635 15
193 16
731 528
130 739
460 522
652 604
670 685
892 517
450 528
734 480
504 985
191 795
784 763
966 151
344 130
641 285
619 740
314 614
45 662
871 270
73 371
415 292
348 841
224 327
832 6
987 674
131 770
667 884
960 250
796 528
413 692
914 679
10 32
701 685
721 674
614 289
284 822
834 178
862 531
367 403
263 233
968 480
492 960
738 573
813 230
121 750
750 707
841 741
328 816
684 85
40 905
975 630
579 313
228 809
317 72
661 809
423 668
488 54
978 639
509 704
384 913
708 389
595 579
856 833
102 593
215 914
74 770
167 15
152 284
480 953
237 479
211 827
198 675
930 737
76 203
739 925
560 312
215 752
553 961
310 684
776 908
406 943
887 162
854 41
134 828
915 407
511 670
294 888
498 535
523 618
339 617
786 216
717 944
389 310
226 909
248 685
781 467
433 557
929 672
880 402
255 362
22 985
317 147
191 686
451 897
143 523
37 52
810 500
652 471
818 811
726 672
936 690
640 859
18 675
828 240
83 315
746 537
213 580
842 52
236 363
952 716
112 345
277 487
405 274
32 634
714 74
515 119
992 888
554 531
573 277
769 403
361 351
913 688
442 248
228 649
870 200
192 495
965 236
277 582
671 926
953 605
610 178
103 473
37 827
314 144
498 405
93 569
120 351
103 558
271 802
96 472
632 250
9 503
135 371
713 607
362 631
224 636
722 279
206 700
635 538
727 106
360 108
553 771
916 395
114 39
29 14
103 925
454 549
350 986
423 794
263 749
892 137
233 540
591 809
170 503
692 633
172 681
268 936
768 416
331 8
596 756
613 690
817 949
865 733
495 143
507 446
964 947
79 764
249 225
358 690
285 665
363 153
38 371
39 910
244 940
173 408
320 742
549 77
550 286
202 120
979 288
671 574
719 290
850 463
402 923
546 820
877 830
362 245
269 871
827 837
149 817
139 327
348 87
165 551
150 325
432 90
984 599
606 690
662 224
496 849
831 747
278 761
563 541
894 73
971 924
590 838
167 659
974 33
893 943
792 377
557 152
39 206
890 919
797 681
661 138
483 420
120 994
493 259
384 857
411 560
711 645
507 427
768 255
937 728
114 75
242 148
631 466
996 125
318 65
47 525
33 215
587 520
679 120
312 26
266 935
669 34
247 90
655 243
694 671
436 187
189 333
772 317
812 558
317 392
320 404
543 942
285 938
913 385
198 576
790 713
226 962
734 534
503 274
730 338
952 840
700 574
792 689
667 303
84 331
47 65
782 12
160 299
90 306
98 123
464 881
230 612
415 690
182 731
279 131
834 470
340 403
335 408
762 180
128 690
308 800
576 48
334 288
746 736
503 967
953 842
366 753
644 617
224 154
770 752
667 90
563 859
234 47
491 916
901 827
263 914
165 234
979 907
373 408
969 161
494 542
780 886
335 988
33 710
521 889
44 66
279 805
68 72
824 678
613 340
326 338
99 807
911 389
162 132
938 485
920 104
812 462
82 687
285 74
640 103
987 80
721 12
423 252
82 574
356 33
747 816
289 248
815 703
375 116
890 169
240 473
169 979
189 549
389 222
764 388
485 613
40 576
857 928
891 11
585 648
100 362
915 491
754 257
791 644
869 592
692 255
474 490
368 91
866 310
868 408
942 643
251 404
549 803
566 835
606 300
348 548
919 145
538 691
779 802
464 861
892 629
53 662
877 487
719 452
22 796
541 560
733 296
736 628
439 445
615 772
671 758
832 327
782 693
823 475
371 392
471 661
340 661
362 205
97 424
685 359
245 272
887 833
46 483
893 644
841 57
434 577
418 858
183 669
484 463
175 682
824 868
453 436
572 814
168 572
975 339
903 214
713 320
626 739
420 457
656 516
375 532
600 718
742 770
215 79
841 740
132 641
371 885
392 558
964 230
859 984
343 235
769 496
879 21
440 314
497 831
850 765
156 398
836 312
927 899
497 136
708 882
95 824
365 683
708 897
404 589
510 981
575 115
339 77
800 871
912 865
855 963
380 417
455 49
757 721
13 436
373 728
446 268
326 294
388 397
597 233
304 832
363 303
550 17
184 490
174 773
771 341
772 186
39 997
255 75
348 703
538 411
645 453
938 593
665 44
229 247
50 17
69 243
733 268
122 576
779 556
193 575
582 51
608 730
420 498
738 341
633 121
170 793
747 995
999 94
12 36
326 908
11 446
374 920
140 832
969 232
145 990
572 835
439 212
222 732
371 130
293 655
48 239
671 921
304 121
983 923
492 918
898 295
918 802
578 819
832 559
975 509
101 358
854 940
540 640
414 29
675 382
868 728
815 526
824 606
699 814
918 524
138 210
450 320
531 601
414 831
452 502
411 599
730 827
699 524
795 717
464 443
998 568
151 542
561 636
543 548
657 637
354 377
872 230
894 859
787 127
327 78
188 924
494 581
47 831
104 415
912 732
127 493
22 523
891 928
194 503
910 234
622 816
365 441
523 887
485 992
677 182
201 837
257 555
513 585
776 345
979 434
636 587
89 696
478 266
795 452
999 156
247 731
303 741
754 781
477 82
595 371
649 655
33 878
469 702
897 645
954 478
562 43
250 591
220 107
728 446
802 909
718 265
920 448
442 12
434 479
96 135
298 591
704 454
98 877
428 190
425 103
538 853
512 312
688 683
627 111
292 748
216 746
307 725
557 913
613 17
6 449
467 923
750 474
164 985
399 18
425 499
926 432
817 613
394 446
893 466
406 340
890 584
872 179
640 297
255 638
441 167
720 7
313 439
740 458
479 102
325 652
972 165
331 55
333 925
853 166
605 837
930 657
329 474
806 36
476 671
593 553
297 116
425 79
942 612
840 938
453 749
113 532
574 339
948 428
176 245
521 765
365 558
386 981
829 127
553 101
573 122
319 723
178 482
880 776
616 786
67 103
512 809
231 107
838 145
328 346
76 936
741 938
943 958
236 594
907 153
49 113
766 454
270 875
239 322
339 408
500 594
594 94
484 266
836 39
802 883
978 569
750 549
953 261
772 847
378 844
280 89
962 589
162 881
113 753
497 786
264 717
983 22
220 546
95 694
613 53
206 757
726 508
119 358
626 128
368 656
902 875
973 899
817 641
929 975
365 61
730 21
658 278
591 992
298 153
174 524
655 71
70 685
479 460
340 256
331 211
518 709
601 145
584 961
476 611
847 924
568 437
786 404
40 782
94 65
478 160
445 297
28 375
789 683
875 316
986 117
396 243
952 579
537 987
934 887
810 417
60 64
705 157
444 231
819 405
838 467
344 819
540 329
83 398
865 192
701 826
153 252
762 312
266 549
103 64
754 932
594 913
235 473
58 306
295 515
29 627
201 47
456 105
846 442
229 412
659 661
676 861
295 653
555 548
556 251
519 385
741 305
216 900
693 446
345 544
724 688
872 350
697 149
219 297
755 139
388 842
941 610
708 883
358 956
289 155
489 882
479 152
320 575
392 156
565 7
955 827
43 805
715 2
930 511
613 49
592 250
648 828
226 792
765 561
84 285
692 220
360 605
624 826
697 706
386 891
658 757
800 181
984 146
288 409
142 292
678 170
292 369
169 394
443 743
805 61
594 704
477 988
938 606
151 415
77 609
47 350
361 547
880 193
241 724
297 511
724 50
999 200
656 178
196 651
128 635
326 882
257 793
59 149
576 121
867 554
687 287
49 479
50 880
862 723
274 872
98 714
244 14
281 60
749 835
115 178
867 776
619 347
747 302
250 778
489 50
571 28
935 535
205 310
79 493
689 105
855 348
15 976
180 596
876 729
293 851
55 276
737 357
599 859
450 302
124 700
3 886
794 535
409 563
820 523
841 528
366 85
205 233
479 990
229 227
711 675
582 809
696 648
180 281
346 1
54 502
778 402
659 365
791 768
81 546
170 98
228 444
614 941
657 636
702 156
484 661
820 79
200 804
240 369
518 754
955 948
973 696
852 600
468 865
368 21
69 488
616 379
505 220
749 449
18 995
183 575
442 759
884 296
264 319
213 772
51 89
472 386
201 836
95 352
283 378
337 91
505 62
451 669
969 472
509 399
240 652
390 552
971 945
858 960
419 72
899 306
314 894
154 231
838 197
918 237
482 683
340 573
997 765
814 797
582 329
382 291
510 372
24 421
703 559
171 726
621 850
604 32
203 761
55 376
314 486
393 801
67 406
566 108
972 659
336 437
11 335
837 567
716 648
47 748
573 989
212 863
599 93
157 42
34 791
855 130
613 97
172 617
925 37
216 521
624 127
21 636
170 70
28 559
122 959
147 821
520 336
891 97
263 864
217 756
910 421
839 257
294 958
192 720
299 532
230 824
344 395
252 681
255 351
554 2
312 745
278 386
373 768
778 504
505 248
587 933
765 874
308 669
93 385
999 989
748 702
786 448
620 139
5 620
62 535
503 675
239 649
424 144
605 264
334 294
581 303
382 18
224 156
405 441
875 927
948 993
183 116
89 855
533 814
935 590
344 576
900 787
634 573
449 795
504 346
909 603
90 543
515 508
609 265
572 763
251 111
928 855
251 512
659 745
56 530
54 237
239 35
96 275
393 861
105 203
731 139
582 510
347 130
755 1
441 73
8 612
280 201
765 488
731 56
548 594
327 717
539 877
650 14
980 997
401 484
38 787
196 324
522 964
975 802
970 348
545 429
817 640
700 783
612 67
791 336
817 785
985 343
892 290
915 493
963 537
795 240
958 284
691 387
965 544
154 880
783 339
127 309
723 530
575 541
924 267
726 667
951 610
992 625
115 706
911 621
528 755
601 291
70 110
533 654
257 899
719 375
866 905
60 48
832 25
451 597
857 762
841 221
549 148
273 409
990 318
76 641
44 476
395 138
306 291
121 585
961 709
67 530
84 571
641 711
235 472
492 49
71 886
645 931
353 885
262 329
444 548
233 207
896 435
915 657
339 571
521 778
922 331
279 730
358 369
253 5
495 56
794 641
79 441
501 269
537 161
318 338
765 897
713 416
130 738
523 163
327 689
509 590
882 168
618 114
8 751
744 153
879 322
582 861
566 374
513 890
682 851
20 286
26 991
869 271
542 511
622 73
270 162
364 713
19 94
538 886
557 674
854 44
378 349
565 183
967 775
678 894
66 206
375 376
801 257
30 589
914 32
455 448
763 327
62 354
448 434
875 509
13 806
105 797
325 980
975 698
869 963
661 951
765 786
18 783
681 213
535 278
403 955
244 587
481 431
619 897
529 409
753 763
572 281
452 563
254 311
679 676
663 35
353 70
338 274
377 78
127 924
884 825
225 140
443 53
712 392
11 777
766 317
453 372
291 105
945 592
881 528
139 173
927 412
514 83
291 502
662 219
824 770
676 995
935 534
957 774
175 825
728 646
242 142
992 423
167 889
211 525
555 400
367 150
734 106
158 151
380 3
552 990
370 41
320 894
651 786
157 69
740 240
518 147
57 81
632 475
547 594
825 84
147 64
812 694
650 169
834 922
372 845
677 791
674 819
293 359
552 218
228 268
981 970
53 423
91 540
204 789
612 234
316 959
209 681
530 165
401 95
199 434
354 89
486 634
919 362
636 982
731 970
218 683
292 406
130 345
959 714
531 467
819 356
259 244
44 646
88 282
942 411
619 250
835 969
361 542
88 322
382 868
115 555
667 128
796 548
168 825
838 171
902 870
840 475
414 306
417 638
948 782
221 220
258 326
477 370
392 940
253 235
813 382
996 597
704 924
926 312
528 135
340 941
949 633
715 875
617 809
673 527
741 934
471 122
842 634
405 856
301 983
876 845
989 618
149 355
851 633
351 483
602 66
350 667
357 337
218 41
271 33
254 683
661 361
241 248
669 142
543 629
427 596
1 329
15 44
643 783
950 665
665 543
647 731
368 340
726 176
104 223
583 729
530 487
821 228
750 58
364 785
972 80
422 113
479 96
407 263
373 793
392 36
467 616
673 405
400 703
293 492
421 167
189 203
579 991
619 666
495 862
386 689
79 556
377 746
859 418
31 713
503 412
89 504
645 465
933 173
703 239
437 830
41 125
60 207
188 500
245 197
430 425
883 895
946 187
469 638
161 805
638 170
754 732
684 779
832 62
1000 868
639 235
951 319
273 444
723 196
852 416
486 930
32 677
864 382
810 892
335 187
767 132
179 679
805 935
171 535
686 154
33 618
276 314
205 364
900 796
850 99
689 39
983 861
197 984
768 394
883 217
794 682
978 191
797 537
449 907
756 504
225 624
834 542
90 830
609 746
735 136
958 999
389 424
686 598
946 983
51 649
893 899
186 764
89 486
617 176
411 529
998 631
900 496
932 833
772 766
186 623
200 671
790 910
720 86
114 509
616 7
87 402
754 173
666 827
243 656
297 626
748 915
160 108
714 527
846 724
990 918
373 882
943 314
17 454
806 70
477 724
115 482
445 438
342 550
454 44
330 22
277 749
829 16
482 189
516 206
615 688
637 856
454 462
457 122
97 195
852 85
857 761
880 822
662 978
540 506
249 873
340 656
235 330
530 878
554 714
443 153
851 4
176 828
672 913
582 244
159 77
137 935
390 275
874 62
849 500
64 624
449 998
841 792
695 173
440 735
522 421
98 787
830 240
263 193
251 559
971 822
51 699
646 770
495 424
668 846
760 791
246 870
428 279
640 215
551 899
690 254
647 492
817 462
318 290
191 48
376 655
863 514
20 168
350 595
413 27
704 861
414 992
474 151
20 287
169 931
604 557
56 107
845 277
593 452
497 495
427 388
420 115
194 393
125 767
184 143
436 440
576 657
107 5
743 863
763 101
907 783
51 161
787 213
937 320
496 48
170 305
688 702
800 88
985 76
182 868
952 771
934 183
316 250
27 73
122 57
213 878
572 427
227 670
969 337
930 953
90 43
757 786
230 307
545 726
675 515
760 409
478 444
12 80
892 890
514 270
679 820
405 399
676 14
37 628
196 716
149 906
318 819
210 104
953 752
770 454
310 439
367 322
878 14
230 254
432 1
487 741
935 529
615 233
432 144
654 799
396 571
642 831
437 161
824 252
315 717
408 89
262 84
162 88
529 825
115 424
25 976
836 392
30 67
950 400
272 791
38 638
609 530
671 478
584 496
971 560
898 870
557 483
873 790
506 713
588 319
401 419
207 883
209 398
941 981
105 589
638 609
289 278
990 526
85 261
208 834
800 902
782 282
18 63
462 895
77 811
956 537
859 386
522 767
924 63
583 794
14 51
882 657
130 282
100 793
610 775
724 259
65 410
339 871
675 961
982 719
458 123
183 137
636 582
970 30
109 578
257 601
829 201
136 586
780 275
672 652
748 415
145 268
809 293
991 565
942 11
214 930
385 85
672 196
264 801
172 370
923 426
586 160
714 509
409 977
233 245
300 64
396 761
900 87
509 64
666 235
851 173
448 744
547 164
529 593
58 91
577 924
224 847
813 153
872 619
591 173
110 431
129 252
578 901
279 882
752 912
604 209
705 908
845 153
883 26
24 69
476 623
851 632
54 289
521 396
43 48
7 917
90 125
188 653
240 48
264 818
673 74
857 405
218 217
695 601
807 3
84 356
462 804
964 622
109 81
476 884
592 53
646 278
427 460
69 739
694 514
313 549
901 236
253 712
908 696
251 369
515 614
758 352
960 727
250 59
724 653
948 312
753 928
528 634
625 366
536 322
335 503
959 745
411 271
430 25
288 562
730 387
274 637
596 200
672 680
553 251
258 9
188 508
605 183
348 896
158 641
534 861
180 889
141 461
832 844
742 451
559 651
908 433
320 76
954 211
793 87
520 697
673 697
751 480
417 686
805 664
76 536
276 426
733 934
920 253
427 991
640 204
987 39
825 832
31 989
147 300
495 260
918 698
498 187
370 84
502 595
727 46
488 509
879 211
368 659
721 145
960 887
303 711
993 398
589 452
226 640
783 14
329 665
716 483
844 40
123 505
342 837
568 593
71 14
420 774
522 518
796 169
311 183
285 684
463 13
697 532
628 872
682 320
602 667
913 28
53 801
683 694
448 229
146 25
953 904
348 838
426 229
114 864
481 99
335 120
690 831
344 933
326 789
740 796
527 751
642 391
736 342
274 771
296 727
372 98
747 182
729 679
44 452
453 432
793 51
206 24
883 76
840 242
111 933
79 443
621 792
909 718
676 687
83 61
590 45
21 510
833 776
154 657
871 572
711 811
181 248
61 555
475 983
403 178
172 781
15 800
637 223
705 615
375 167
661 416
534 918
834 948
997 344
708 909
394 629
899 329
369 219
901 2
670 329
742 740
160 26
325 688
750 243
553 597
330 710
187 819
4 923
904 137
799 984
692 40
179 407
807 809
180 221
614 969
139 773
66 895
75 247
296 232
95 248
887 332
781 351
322 516
783 433
36 746
899 172
713 909
117 449
524 519
585 567
503 756
507 753
681 100
168 49
496 366
88 360
567 528
163 374
19 762
291 154
258 497
996 861
638 494
50 879
254 23
914 644
975 29
33 928
54 798
680 345
186 142
590 869
172 429
124 598
779 467
253 182
845 914
572 718
558 265
915 540
21 417
975 672
409 647
203 504
513 9
953 322
992 296
670 619
409 560
690 995
674 508
492 96
981 517
357 315
110 93
185 394
848 454
655 885
94 561
518 471
293 357
609 876
497 394
247 226
134 750
503 261
701 202
701 330
613 526
834 301
49 931
269 222
17 397
540 127
155 27
799 722
880 2
934 803
312 558
43 365
967 297
553 13
828 145
95 498
778 232
61 318
690 142
113 385
58 548
993 455
206 404
249 951
912 43
89 606
258 469
334 376
962 929
979 5
429 92
768 618
676 35
880 974
832 865
46 287
729 671
987 399
936 991
77 443
23 565
279 687
267 111
875 722
784 489
642 145
370 278
650 676
970 227
964 4
437 132
883 108
926 472
930 7
15 667
570 110
474 443
591 468
225 731
669 362
487 895
224 541
355 741
835 47
87 170
878 147
399 30
293 551
185 422
21 520
759 660
794 776
389 84
285 131
358 891
38 837
405 581
4 829
122 954
428 653
743 305
877 954
878 493
950 526
772 314
282 554
925 324
798 722
674 964
809 827
276 664
406 731
268 728
677 372
700 571
611 496
478 57
226 78
784 518
435 230
169 438
83 664
209 949
356 684
783 489
398 905
75 780
615 654
528 650
302 229
583 172
507 697
349 214
900 730
417 830
550 654
753 530
754 952
614 477
61 435
779 616
838 149
733 481
129 275
865 41
496 916
461 670
84 891
837 67
159 107
399 664
457 783
3 503
595 113
814 973
36 734
620 996
508 462
867 599
701 613
978 42
428 15
103 399
215 305
860 10
54 113
783 790
149 163
279 800
928 327
113 612
590 982
118 394
635 763
789 571
551 921
669 334
188 988
293 586
601 898
354 616
148 488
962 363
856 794
855 212
476 13
623 104
91 779
111 324
466 26
9 236
929 963
859 270
755 765
406 901
527 487
514 962
678 849
401 251
522 805
801 378
142 630
517 110
385 979
207 584
246 486
88 960
550 238
803 790
703 452
83 711
618 981
348 545
130 364
776 134
801 565
398 613
438 598
184 561
921 568
4 484
558 967
780 325
567 527
550 347
257 896
593 836
706 637
157 871
429 130
790 133
663 679
371 399
903 414
541 813
430 788
123 770
953 873
954 402
862 763
225 214
568 868
662 50
77 498
335 782
447 704
662 173
280 923
822 423
557 74
851 469
713 468
822 86
203 642
205 112
298 658
673 934
363 952
916 14
4 576
618 362
507 505
368 545
259 914
262 795
449 288
125 923
271 27
556 827
207 921
427 361
48 610
380 335
184 34
113 76
583 907
919 524
69 809
251 218
933 944
844 77
437 545
421 236
504 636
795 947
652 792
354 854
930 610
382 691
695 934
433 384
151 836
467 403
585 724
655 481
414 883
990 989
575 685
401 788
250 112
550 101
917 878
455 739
38 329
979 413
250 227
748 38
17 194
923 162
66 689
89 720
680 941
778 154
373 136
174 91
358 212
159 442
292 162
760 266
525 396
584 312
760 828
611 597
173 114
488 604
641 288
864 407
58 466
671 900
84 546
922 778
83 637
573 610
704 511
413 805
837 718
270 577
253 407
209 606
314 269
543 380
945 677
51 850
306 921
533 438
347 207
848 296
59 563
669 310
636 335
985 577
267 526
950 257
322 727
405 660
85 416
892 16
337 814
159 645
693 748
62 80
318 62
946 767
730 38
473 673
384 512
422 72
80 383
373 534
268 934
659 79
473 160
420 633
780 307
352 799
521 82
692 13
436 451
361 765
831 224
577 219
728 345
451 978
123 273
820 361
531 246
154 303
250 148
480 628
876 87
205 769
866 989
377 248
231 237
678 436
5 776
297 479
724 82
339 52
110 881
630 698
726 340
500 97
588 666
215 462
329 471
913 662
956 300
488 952
344 700
721 606
738 596
553 994
626 24
750 931
951 152
385 255
595 178
882 110
86 571
931 340
219 198
916 224
183 419
299 174
507 323
894 301
825 810
328 846
440 264
367 183
426 295
9 277
358 542
762 414
89 965
612 373
367 561
698 989
436 99
366 484
556 876
722 388
134 286
172 613
781 849
221 772
4 830
192 566
764 830
172 756
800 821
859 372
91 972
703 205
742 685
800 932
605 815
147 831
90 342
969 956
752 316
386 652
562 963
587 74
625 147
614 865
740 676
31 603
472 354
889 471
283 346
361 622
785 252
364 359
386 65
353 18
995 735
762 190
176 565
263 939
527 612
319 292
623 975
244 172
912 8
876 345
434 708
788 907
314 126
200 15
12 233
987 637
399 667
182 281
791 369
45 111
854 783
896 427
372 302
104 580
283 823
68 39
346 385
884 129
873 400
301 935
729 916
470 998
570 400
873 488
573 795
618 484
587 895
4 621
591 427
251 294
16 711
988 645
473 333
698 286
795 648
557 553
636 486
219 643
964 573
779 41
146 428
677 297
332 391
316 540
722 763
779 711
854 4
52 6
990 708
186 844
830 109
679 399
83 1000
140 613
321 35
273 960
701 256
976 257
190 799
854 230
934 142
22 564
578 252
743 538
250 93
765 778
344 26
991 468
402 390
499 950
84 228
156 697
303 954
808 248
24 775
956 912
834 539
529 66
88 142
952 567
735 852
331 530
924 658
995 763
356 935
286 538
527 632
127 996
199 539
258 491
325 810
699 348
62 992
11 894
49 7
513 400
490 147
185 583
334 32
690 264
139 18
68 244
529 910
604 454
399 620
951 83
555 650
376 837
103 434
604 725
492 831
756 424
974 99
584 249
656 678
660 310
1000 190
510 515
239 67
404 500
500 541
160 592
68 825
399 227
293 924
116 560
721 977
134 196
871 655
786 527
803 695
471 285
794 990
821 7
74 924
937 538
650 173
574 833
158 309
251 878
907 546
731 21
711 472
507 198
215 649
255 940
380 125
990 529
593 313
218 64
319 703
184 146
428 704
129 977
48 833
216 227
397 370
308 307
596 590
706 410
744 857
150 83
899 769
238 551
4 187
338 605
658 168
1 683
661 979
477 934
254 354
931 513
95 408
232 902
932 189
957 350
488 703
89 576
755 611
831 798
481 254
357 899
435 669
241 938
210 103
728 833
67 754
315 1
624 473
770 453
421 867
25 10
690 300
286 163
34 328
384 167
24 334
710 501
300 11
194 514
470 959
91 438
37 804
21 431
336 319
148 38
59 709
43 184
389 348
637 112
985 983
124 421
307 767
147 358
220 624
242 24
669 309
891 146
479 874
869 478
947 572
360 226
673 28
639 857
518 328
683 167
740 476
722 707
817 861
507 851
324 891
297 738
956 532
351 66
411 105
393 422
869 684
109 140
271 397
38 392
178 775
514 685
291 636
455 305
536 673
701 185
443 681
540 121
820 494
340 23
982 706
442 519
143 628
981 573
222 215
500 477
173 401
464 795
139 513
252 858
473 611
791 25
780 270
528 319
891 629
286 707
876 231
880 226
878 877
991 566
741 815
387 348
524 779
961 615
447 980
339 55
652 167
139 380
783 230
288 870
534 71
576 457
63 533
466 225
775 909
435 870
845 547
301 817
158 842
732 123
662 362
133 520
427 871
979 722
693 576
985 898
87 70
576 627
132 583
264 727
247 819
574 575
132 470
828 795
261 246
345 317
753 392
608 501
100 49
542 424
1000 127
159 888
164 854
75 373
493 30
419 967
833 385
22 170
891 247
551 59
420 527
39 359
227 31
85 165
749 126
91 636
437 536
868 284
482 435
106 369
853 160
503 491
394 877
700 565
592 342
477 716
813 882
3 718
632 951
796 64
598 220
819 225
145 50
191 751
696 451
45 439
757 806
502 323
8 905
931 729
787 605
754 728
296 960
369 702
723 859
64 428
604 518
197 384
143 878
311 152
586 621
828 901
559 438
176 645
729 479
303 628
452 850
288 787
224 145
297 587
335 135
313 7
97 502
558 101
266 877
859 678
490 207
917 458
96 202
828 763
885 454
334 116
700 312
546 420
68 32
381 39
590 933
793 197
977 352
480 728
447 396
842 666
989 473
239 46
349 954
261 456
979 607
733 832
159 425
924 527
707 169
157 152
626 811
238 93
4 765
629 660
869 389
372 739
1000 204
543 708
871 763
86 913
338 370
234 652
290 682
657 686
33 244
595 744
494 293
997 970
636 86
85 200
530 455
696 931
346 740
225 134
367 654
977 974
363 427
132 14
114 926
62 331
360 615
680 518
151 147
812 815
523 804
490 589
532 734
638 601
961 156
304 697
989 770
291 901
257 533
334 613
80 644
634 55
796 842
301 292
47 320
875 195
641 911
700 430
810 570
529 210
951 287
678 509
607 425
775 589
723 228
753 376
889 204
653 177
31 237
28 817
983 543
232 657
444 275
756 139
480 94
927 52
529 909
234 157
492 937
533 845
112 753
974 241
88 430
233 67
217 928
797 43
775 17
558 355
263 317
690 619
705 720
140 520
771 758
482 363
355 577
542 183
506 991
837 633
767 760
953 148
972 720
904 969
773 385
302 710
247 324
480 40
949 192
214 804
494 231
966 80
206 731
501 713
414 298
801 73
985 660
234 736
453 898
555 230
114 394
422 467
206 586
389 170
194 18
30 660
834 34
30 551
125 763
204 238
939 357
834 85
284 182
30 950
913 322
198 468
127 502
626 275
187 933
812 892
778 572
86 377
17 422
896 132
459 777
408 805
246 115
874 696
202 253
766 448
814 476
231 378
452 613
97 734
472 347
115 677
829 161
504 876
586 470
533 685
704 53
124 796
451 564
359 103
876 275
430 674
515 127
205 368
520 903
387 752
727 560
540 949
554 682
719 116
111 997
98 638
149 7
666 147
760 234
409 874
780 175
602 362
497 609
99 821
560 769
638 94
332 600
436 794
372 406
34 43
767 527
510 572
385 435
573 834
777 913
564 623
376 576
693 269
15 305
806 740
608 379
8 545
579 426
119 381
836 283
570 171
276 818
122 562
132 273
812 691
905 23
98 360
468 649
859 328
679 221
7 736
658 344
161 720
619 693
388 617
768 376
944 863
761 548
815 195
111 733
196 785
714 978
808 403
740 642
942 706
528 530
714 805
855 477
316 9
887 706
669 523
247 547
179 771
930 985
236 304
883 791
59 699
490 423
644 750
442 322
728 919
652 474
112 460
130 231
390 701
317 627
391 140
968 277
343 759
862 689
772 988
889 885
249 662
379 707
654 733
14 828
23 566
816 296
78 275
569 992
107 609
769 230
81 846
635 594
561 68
789 773
358 306
459 494
493 473
820 582
108 816
38 527
510 600
148 822
245 789
489 707
751 31
699 944
595 515
849 747
919 75
376 715
825 10
642 720
973 130
646 232
305 584
43 69
262 737
384 639
403 461
223 180
743 957
156 147
4 23
839 366
52 44
642 745
826 535
277 897
114 293
977 993
707 264
29 268
485 730
624 666
125 675
290 984
425 39
943 301
265 654
415 900
127 398
473 819
899 971
479 269
373 778
210 849
191 665
196 885
433 621
655 270
625 145
273 4
691 952
810 758
608 559
400 129
240 960
684 881
187 715
23 33
451 750
734 47
718 688
255 985
597 893
391 466
191 972
915 192
488 664
839 976
788 806
93 46
477 143
795 342
33 771
767 768
783 825
864 371
240 573
3 363
187 6
852 284
50 818
788 516
441 407
374 987
909 964
805 563
111 796
573 567
23 602
617 895
135 124
121 616
680 419
722 34
922 480
707 906
689 427
486 483
768 774
704 680
9 422
303 338
848 355
521 579
136 227
262 931
691 815
513 999
471 379
238 98
996 138
985 703
15 414
532 52
863 698
403 120
242 176
464 378
527 371
358 794
472 917
215 743
398 445
274 247
423 986
482 370
636 87
274 6
855 987
749 97
382 666
643 524
866 351
619 637
602 325
565 383
108 510
18 914
40 870
598 249
835 729
674 713
531 304
732 201
109 996
948 958
614 771
302 149
841 485
420 224
810 424
740 553
571 589
255 44
811 372
853 647
106 796
288 705
236 655
130 60
477 147
336 777
875 764
26 125
689 779
33 815
748 370
968 454
310 317
974 980
477 260
560 568
478 743
580 587
656 107
951 60
590 740
846 274
6 949
372 157
444 546
263 30
410 510
272 499
111 816
917 493
167 706
337 147
600 551
448 724
769 46
112 833
295 286
31 726
300 432
2 755
688 691
876 771
509 870
786 7
883 41
793 337
280 188
197 694
408 924
177 532
986 290
767 763
475 811
350 709
443 431
722 296
775 310
984 916
473 318
418 393
203 997
55 604
774 342
625 200
464 471
265 10
431 765
587 635
787 397
971 408
536 139
96 642
483 194
13 749
893 403
566 507
859 367
460 242
868 722
450 824
739 866
217 76
770 714
806 20
365 316
459 815
905 293
924 71
884 16
201 704
832 302
985 192
821 618
743 393
175 173
253 669
867 373
460 773
634 72
545 745
235 15
455 514
510 22
990 284
993 40
103 613
685 306
654 599
947 459
876 419
71 707
437 151
386 297
249 761
358 53
606 735
989 205
300 55
885 268
353 683
836 832
824 776
309 704
491 741
774 394
779 480
29 705
565 575
784 442
968 39
418 88
600 53
780 910
159 467
293 813
935 370
270 503
822 160
492 707
533 435
517 606
479 967
778 10
33 81
696 655
627 441
419 860
369 409
795 709
247 472
928 482
711 553
471 656
460 802
8 256
616 53
778 364
542 477
108 657
109 104
806 342
972 42
995 155
765 637
804 883
345 114
240 360
113 254
136 51
49 854
809 204
276 532
734 647
436 462
277 846
776 99
190 725
151 659
269 218
142 152
792 717
124 90
743 604
778 928
517 325
705 173
245 156
692 989
197 281
478 396
1 550
349 206
848 691
188 204
814 360
482 977
249 970
981 505
766 609
487 64
658 940
26 2
656 142
888 285
165 605
942 127
70 330
989 160
183 105
974 780
900 919
81 931
153 46
446 392
709 33
267 18
113 901
618 237
49 222
893 821
654 845
404 908
591 178
3 701
499 202
72 408
99 929
635 723
30 17
896 631
733 974
742 868
698 406
989 661
294 501
251 19
8 734
537 331
821 673
655 804
113 815
935 116
460 84
298 907
959 114
575 105
547 628
38 889
593 502
815 531
624 556
947 651
403 317
194 458
184 332
312 769
97 765
406 735
388 446
743 866
435 5
873 672
952 849
38 426
593 545
151 137
451 947
269 254
456 987
378 146
662 639
437 824
139 734
507 964
16 291
990 43
813 530
575 631
317 835
410 39
286 658
704 323
311 357
349 210
386 92
795 440
870 988
712 601
291 86
365 985
957 757
837 79
85 931
612 833
956 307
599 581
211 380
943 567
486 134
345 818
590 824
737 196
889 897
84 613
140 663
185 778
537 93
974 10
466 997
91 496
953 269
38 729
58 235
21 485
793 372
817 334
15 763
253 348
823 848
717 493
185 228
868 879
688 253
601 684
712 243
345 494
481 756
971 622
276 772
24 213
8 762
484 999
661 855
360 173
6 308
731 479
777 330
398 45
592 22
999 651
657 974
288 151
40 984
826 667
701 285
424 311
855 532
397 476
400 448
16 526
166 283
39 619
195 825
607 100
717 740
827 585
518 878
776 281
705 149
525 130
243 191
306 248
975 230
316 417
724 38
283 680
154 660
993 3
153 196
154 183
603 844
822 750
328 382
954 414
337 496
466 6
555 894
737 119
513 262
495 208
558 502
979 799
871 853
219 146
1 91
337 35
409 686
871 938
431 809
840 70
159 510
915 628
206 672
484 165
162 491
128 497
220 623
24 130
194 846
769 376
938 337
292 26
890 858
564 427
842 993
94 606
955 706
172 552
86 34
493 996
845 271
95 944
137 208
87 588
570 614
955 603
48 836
86 268
142 18
491 348
290 769
760 753
938 917
812 894
49 954
30 967
291 581
623 588
181 601
165 100
204 974
80 580
902 651
835 692
213 872
325 878
456 531
990 80
316 103
486 691
416 145
250 350
571 616
153 823
118 857
250 449
95 825
409 78
652 190
466 105
13 731
50 601
571 310
992 783
379 103
266 848
653 292
158 706
948 928
439 28
296 583
461 819
908 104
693 760
196 32
751 438
400 549
78 4
371 58
104 671
234 270
290 44
76 605
629 903
33 374
197 555
223 559
394 161
837 603
777 992
63 7
526 677
582 801
659 260
128 332
294 345
694 503
420 647
180 227
299 258
528 27
123 70
566 452
143 445
327 432
192 605
850 335
566 631
53 416
716 32
110 69
236 253
888 484
230 999
378 90
677 300
226 22
193 327
468 79
343 845
839 200
619 306
553 487
37 222
609 123
389 721
818 965
106 947
252 853
770 864
866 985
11 588
598 512
286 710
515 972
867 831
495 596
79 917
740 881
173 860
980 192
875 26
303 605
36 120
849 763
743 227
714 487
663 290
477 331
651 282
488 956
15 851
624 504
576 379
390 477
479 699
515 392
898 256
62 612
868 534
814 660
873 440
820 721
882 438
771 675
336 286
323 40
17 885
788 422
772 995
59 738
8 624
461 138
924 550
161 182
824 498
312 198
938 390
647 306
685 763
156 463
933 232
627 404
612 448
61 582
405 692
464 400
360 193
323 471
125 607
381 565
208 917
687 615
462 814
856 545
928 382
166 18
919 560
422 104
26 641
905 130
9 981
338 610
142 91
187 894
919 417
463 997
891 982
442 800
633 531
227 510
285 706
913 153
870 755
464 875
193 291
302 383
620 398
161 845
257 526
699 785
709 704
415 309
718 694
921 464
870 989
492 674
733 331
491 864
528 429
227 666
253 934
783 827
572 62
554 721
629 59
280 742
135 856
652 70
620 850
795 47
917 358
332 650
386 494
171 524
483 782
6 761
124 548
24 823
966 765
650 754
267 142
713 338
474 326
111 911
837 590
558 330
376 924
519 37
650 468
979 608
582 591
769 482
347 154
384 896
538 545
885 662
362 293
369 471
756 741
319 113
539 34
564 464
929 85
695 609
806 445
418 466
596 993
461 400
500 334
156 322
484 887
530 435
311 998
702 205
988 462
613 798
319 924
663 893
29 381
365 262
434 495
218 310
934 416
49 780
907 792
178 1000
228 16
697 316
60 388
960 666
248 668
869 582
211 632
268 761
861 726
553 285
772 530
8 134
706 293
361 812
587 106
625 179
847 532
79 702
837 945
959 155
502 307
970 951
676 428
986 708
127 130
163 647
485 426
168 91
799 550
732 587
144 228
698 727
606 52
905 715
1000 839
286 542
801 810
362 160
865 223
853 630
554 693
576 389
63 729
45 62
525 500
853 999
983 536
997 684
534 832
570 350
975 293
281 329
29 173
323 962
291 288
23 745
785 826
852 505
238 290
663 953
423 436
372 556
814 575
599 170
836 403
34 117
271 832
440 442
938 463
952 351
401 559
601 568
693 200
915 194
219 337
768 288
753 294
318 149
479 16
823 231
138 632
820 124
179 364
125 760
311 891
222 306
574 935
504 691
835 409
454 865
886 868
783 270
881 164
522 548
264 268
69 455
195 788
130 333
408 855
581 49
385 902
320 99
982 442
58 923
369 746
625 51
305 834
732 559
787 662
512 891
642 498
791 215
405 392
79 33
266 974
158 688
250 561
514 184
36 212
611 600
84 696
925 341
983 951
2 887
793 96
885 266
160 423
997 704
180 942
571 23
111 854
560 772
85 887
927 186
335 527
855 452
395 362
396 897
493 387
275 304
739 29
298 883
445 736
197 699
32 204
962 317
925 167
398 345
881 683
826 284
609 900
307 993
153 261
109 469
977 747
904 333
868 6
742 555
687 960
602 118
749 253
161 963
905 101
228 308
670 423
868 735
88 671
643 569
521 85
597 290
86 297
87 704
454 845
463 945
340 172
145 74
995 968
635 433
981 165
126 548
516 254
476 467
900 349
541 605
415 336
821 765
914 433
737 754
562 511
232 998
287 298
272 113
476 241
580 751
182 710
357 594
175 417
782 635
862 293
723 161
568 946
988 203
45 497
755 752
719 85
615 36
50 924
74 16
514 15
491 562
168 623
318 929
529 586
270 772
567 54
660 404
834 477
845 944
417 10
189 972
613 211
414 103
220 306
150 557
688 68
928 691
90 802
928 581
138 252
584 388
171 797
252 242
647 301
281 716
475 787
217 718
859 139
76 183
60 812
273 624
225 959
872 46
726 345
746 401
471 694
184 112
882 123
419 971
826 364
543 514
723 695
184 223
131 440
522 779
961 505
834 105
742 678
854 108
446 798
807 798
905 274
564 49
17 466
588 911
256 858
39 577
188 285
344 3
499 697
398 992
535 737
888 960
939 588
141 2
804 710
397 152
215 776
294 736
818 998
781 242
198 76
684 771
32 648
67 771
448 783
639 147
550 640
843 406
607 433
206 506
64 479
563 823
488 763
325 488
328 324
606 891
58 693
281 82
802 299
193 878
353 864
656 401
498 857
77 345
538 925
771 210
653 508
486 279
823 908
400 622
314 236
260 373
319 381
380 893
223 721
78 236
928 590
357 492
198 800
303 367
608 294
388 856
670 178
449 350
290 678
988 561
664 487
242 338
86 4
15 8
147 896
4 799
815 561
375 510
216 413
646 637
125 723
398 51
990 713
39 353
39 263
598 18
393 401
123 510
937 364
460 431
49 924
303 99
415 613
491 259
669 686
122 45
838 303
331 299
558 606
969 701
182 690
239 839
568 813
207 229
407 999
218 794
257 922
278 751
442 406
904 703
745 727
714 90
667 832
135 814
853 629
163 417
58 329
19 965
884 861
885 132
27 278
248 55
662 52
811 650
339 465
998 905
595 251
880 667
314 17
8 860
558 500
851 362
858 594
716 916
932 681
771 621
4 1
99 874
23 744
101 216
963 245
546 311
216 910
395 321
436 659
111 19
223 565
974 407
8 954
328 651
363 309
739 683
439 649
137 363
994 999
811 231
939 42
797 392
891 341
837 903
90 60
705 745
777 164
885 907
411 866
798 882
657 654
233 556
840 978
402 558
351 452
43 799
21 384
216 377
568 417
622 961
215 629
230 878
558 539
35 876
473 63
344 76
145 109
535 696
668 95
286 974
692 853
407 922
816 5
912 280
643 152
884 620
724 469
338 376
529 33
896 812
490 335
309 777
678 386
496 756
799 426
950 613
487 430
382 192
383 361
311 220
774 732
957 714
5 845
335 202
11 768
432 475
586 180
988 224
662 97
75 697
961 696
174 319
894 206
509 180
992 82
933 451
884 87
278 600
462 485
29 734
62 542
568 730
579 539
43 302
155 872
715 349
286 70
180 717
452 362
298 880
371 858
869 231
727 137
859 49
200 402
691 775
510 691
264 655
401 594
211 882
388 784
595 728
264 798
892 46
485 448
821 102
224 437
739 191
122 929
450 1000
967 845
256 593
354 268
83 822
101 657
63 372
265 261
303 197
224 362
134 737
336 884
29 469
178 945
910 70
911 811
130 524
303 373
94 116
743 601
728 206
526 1
758 204
808 294
443 797
481 450
544 224
895 243
21 627
883 795
409 270
121 20
653 19
652 160
838 17
956 196
157 809
662 914
921 276
616 944
283 515
750 843
895 422
440 978
679 929
774 582
810 784
883 557
63 528
779 291
546 554
824 952
508 417
618 232
124 625
326 957
987 309
825 594
145 832
183 264
519 434
557 123
214 286
511 499
250 935
401 827
864 151
116 844
462 368
45 440
67 384
876 838
593 184
242 934
439 576
557 285
390 140
807 213
683 331
47 907
868 965
878 478
691 836
764 150
705 641
512 976
73 785
55 897
204 509
821 122
63 299
368 766
556 761
557 592
194 86
431 295
569 130
882 971
40 603
424 719
792 526
632 845
14 23
532 592
899 975
683 932
929 892
479 265
303 63
985 140
52 765
308 615
610 803
593 951
979 490
230 528
680 845
538 439
905 406
624 90
422 964
455 566
921 470
857 740
16 452
749 590
801 263
386 202
886 488
839 605
236 566
739 168
779 766
818 344
28 912
533 296
914 711
42 878
228 629
652 580
113 175
513 319
52 884
440 605
739 207
520 673
150 492
962 702
818 442
909 593
573 676
244 366
711 942
250 955
91 501
555 578
884 167
668 867
225 655
959 300
51 867
603 350
806 721
150 11
259 814
167 905
760 883
726 408
58 120
789 862
684 132
557 402
191 148
176 435
214 223
273 527
425 468
647 673
364 535
857 505
381 727
627 739
629 938
414 687
143 503
662 596
169 872
812 518
706 1
925 289
838 514
86 231
839 18
640 703
753 26
592 152
579 930
1000 653
32 175
127 430
626 379
331 349
938 847
455 261
320 234
250 103
857 949
489 359
753 836
296 131
853 503
300 699
340 84
723 909
64 30
637 879
284 483
144 230
74 107
457 97
19 742
832 19
300 985
173 357
265 874
819 271
692 519
514 291
740 626
592 757
944 771
151 338
728 851
656 208
141 408
399 852
46 495
197 129
228 617
379 324
922 337
872 540
964 52
358 367
430 968
663 586
188 682
284 553
713 477
822 41
113 569
935 330
975 581
543 385
479 377
712 131
604 145
876 910
128 500
167 941
526 207
362 302
677 864
289 39
308 197
185 118
721 100
907 715
506 698
716 345
901 505
995 274
775 464
389 149
851 790
194 111
363 620
859 91
57 797
494 458
377 568
43 19
125 758
50 38
756 776
649 114
8 70
834 174
691 715
194 305
913 325
363 394
234 673
102 553
946 391
31 763
855 682
696 273
199 838
536 762
721 177
723 568
191 802
435 340
206 523
459 618
357 683
527 565
658 836
788 875
71 409
109 742
862 444
179 740
933 577
653 127
358 207
931 869
275 777
348 977
684 603
631 547
203 876
396 383
247 627
735 596
560 984
407 601
631 356
358 41
486 242
180 825
969 148
491 584
93 820
180 936
736 104
868 637
478 993
172 52
341 731
858 567
21 425
498 390
375 972
988 805
916 186
850 834
579 256
907 265
765 53
731 205
894 651
267 440
146 701
225 800
155 905
561 910
928 631
566 185
753 486
56 818
465 178
260 324
209 372
172 632
446 107
798 988
507 11
860 525
420 512
393 206
506 321
768 270
38 160
555 86
886 932
868 151
393 351
13 926
167 405
228 595
744 812
800 14
860 962
790 681
402 294
706 504
943 389
359 706
711 105
514 679
821 985
455 303
277 699
403 624
105 694
264 298
968 362
508 911
913 67
550 440
899 240
772 130
352 739
459 697
705 161
944 807
634 356
981 276
549 112
883 794
847 383
494 909
730 512
581 431
455 994
538 370
727 778
984 262
527 702
26 554
639 655
607 492
165 601
318 837
348 177
429 84
72 815
644 521
350 181
280 828
98 543
49 65
73 331
475 171
408 224
82 11
871 777
471 159
393 733
33 678
989 463
918 949
426 415
119 574
409 619
160 559
567 470
474 387
259 821
367 188
59 743
466 543
565 645
897 383
461 280
651 808
265 245
734 811
510 831
739 39
722 639
872 16
527 282
516 115
366 350
367 515
631 342
248 933
781 731
14 250
786 883
694 616
553 516
167 891
972 74
424 688
815 396
266 127
753 125
312 773
222 264
960 689
488 444
744 776
874 987
32 132
159 264
511 810
226 70
958 367
191 644
455 275
477 887
23 463
101 955
305 42
89 375
715 487
277 576
204 608
575 627
417 837
554 954
656 741
23 173
163 310
201 79
499 366
154 95
709 495
580 604
157 701
561 773
859 527
605 63
606 776
572 936
187 138
225 307
121 386
818 296
713 198
898 368
707 992
448 717
800 820
659 645
841 874
570 296
589 508
367 379
594 82
776 923
375 519
141 823
879 407
59 658
135 281
29 822
530 893
379 433
559 763
319 93
266 427
621 589
9 139
711 604
323 295
630 852
498 771
432 669
553 983
401 354
298 250
483 58
969 871
950 994
866 489
523 636
728 506
839 478
164 598
56 439
520 454
114 725
392 143
126 640
293 7
425 919
99 200
706 288
653 743
89 290
329 23
792 777
168 94
369 707
705 550
218 792
110 833
476 187
922 13
540 460
746 713
598 702
534 690
442 246
831 880
943 614
12 132
568 876
589 702
630 647
537 483
793 905
667 608
395 101
419 98
43 439
263 170
871 849
420 265
107 381
931 132
426 631
612 583
171 267
509 865
898 630
186 324
872 315
279 973
858 370
290 486
601 998
744 373
572 772
411 582
928 620
454 664
989 729
341 890
384 653
817 729
787 1
592 103
111 465
561 732
545 55
433 893
367 265
942 216
186 875
674 516
877 11
91 698
203 36
706 405
635 57
444 518
698 346
682 410
496 441
463 847
437 892
253 664
415 377
188 37
236 345
917 584
790 206
791 99
775 542
153 827
226 451
762 241
818 63
657 379
396 489
148 634
280 690
575 873
12 217
615 164
201 353
738 584
978 91
392 778
68 215
951 140
776 804
833 961
408 52
35 806
437 183
295 313
998 376
234 413
882 481
423 85
445 765
872 279
927 965
833 668
320 841
372 690
513 475
877 683
688 264
941 954
820 829
895 916
64 896
841 815
200 626
510 915
317 261
17 713
324 979
5 665
332 454
613 851
156 52
530 265
345 709
252 685
952 203
701 464
773 931
118 322
230 776
530 978
18 68
476 540
960 709
812 862
488 940
835 519
288 322
383 203
735 102
368 144
477 786
887 299
728 208
32 839
770 973
952 920
628 937
863 194
98 472
101 791
840 665
514 454
558 775
724 491
118 782
175 317
378 683
509 387
805 854
541 892
616 567
378 538
974 506
870 791
301 8
374 582
233 338
675 263
847 13
392 855
641 878
488 928
380 630
45 478
975 361
4 265
465 400
629 599
256 961
770 339
310 24
112 831
989 684
617 34
492 894
733 856
312 492
737 413
209 36
634 783
103 576
937 808
375 832
696 719
811 144
388 871
831 221
691 838
46 851
903 100
886 743
595 758
323 475
915 255
311 926
156 233
375 23
734 586
471 544
564 141
312 774
496 227
105 163
434 297
717 618
919 274
853 26
527 217
624 894
182 826
398 999
558 577
253 751
60 177
447 787
471 903
124 451
210 885
908 168
545 660
784 940
931 687
951 304
990 334
807 113
944 546
724 126
624 314
457 165
297 588
462 150
235 488
921 103
462 1
923 561
999 490
983 993
253 132
881 859
171 657
962 700
374 844
239 198
413 229
716 962
458 990
894 369
915 972
418 268
475 965
742 773
659 899
29 934
621 588
270 432
302 769
998 610
971 498
518 5
755 25
412 240
87 310
199 280
165 408
185 314
77 764
649 459
759 480
355 998
265 498
764 410
621 511
12 190
346 751
313 478
407 316
65 141
240 742
264 314
98 207
260 194
564 16
56 480
91 718
365 483
956 842
451 333
57 707
277 754
313 809
190 609
837 475
494 987
135 517
763 414
305 858
658 862
550 336
809 218
546 799
249 901
212 255
984 336
644 684
832 900
547 443
698 565
205 547
860 73
135 184
803 146
396 292
474 516
818 461
695 49
829 364
782 616
372 266
48 64
327 201
699 163
208 634
760 947
561 134
120 338
231 582
931 276
471 55
368 892
920 35
719 733
760 802
626 785
29 793
621 927
595 179
73 973
6 491
536 611
12 856
764 586
902 177
553 378
565 535
623 151
953 127
996 150
220 906
646 170
925 481
930 409
246 426
96 887
886 606
777 58
911 931
159 974
588 236
381 874
886 969
100 982
247 129
257 294
200 900
75 16
913 506
632 903
762 826
182 883
117 262
2 493
438 664
23 502
652 454
205 788
386 110
45 516
351 554
946 118
782 752
253 520
839 769
879 820
885 67
481 133
231 81
487 427
179 970
453 215
456 325
809 327
652 187
763 664
322 990
185 762
558 53
979 992
159 42
568 777
639 331
650 551
609 743
376 250
874 25
358 446
250 799
604 418
785 760
976 569
349 729
506 792
729 939
977 417
659 336
907 442
232 360
651 966
636 280
609 702
738 794
778 165
108 858
141 975
219 403
293 952
534 622
543 756
178 837
695 473
874 447
932 147
7 571
36 936
46 801
34 887
610 726
475 555
468 656
993 411
419 928
846 633
703 208
483 939
800 448
748 888
869 521
853 148
393 430
933 812
494 710
867 40
207 523
412 333
786 446
125 578
718 957
39 558
334 906
622 685
701 34
332 19
26 362
338 456
264 443
657 745
833 530
880 139
936 397
349 200
867 407
301 357
732 527
842 91
255 226
408 597
580 747
410 239
315 224
909 247
590 516
504 109
767 3
331 816
225 277
460 146
491 566
292 941
119 794
390 470
637 345
304 19
413 879
821 92
822 501
71 963
186 27
866 816
980 641
985 793
825 704
115 480
133 641
81 208
708 11
765 102
397 780
570 116
661 155
494 68
121 383
815 842
11 378
237 64
343 161
716 701
163 519
403 244
906 229
177 935
683 477
759 366
336 192
906 372
91 973
380 281
848 43
78 592
544 724
412 28
288 18
252 323
345 39
471 547
179 702
170 474
668 333
506 466
801 187
403 688
939 418
799 922
449 178
503 483
469 191
237 307
735 52
576 579
4 212
188 281
189 48
302 273
108 32
496 208
455 269
957 75
190 948
633 880
60 968
31 979
876 172
640 786
383 460
5 992
799 478
793 657
387 672
905 803
637 938
993 106
277 145
79 229
373 504
380 548
309 608
979 920
484 474
767 793
146 831
936 933
24 287
131 581
297 877
139 126
379 597
953 422
951 247
366 845
872 690
431 787
603 290
819 865
966 912
950 53
509 859
884 313
298 676
150 717
281 402
51 868
77 8
977 122
650 416
153 680
690 929
964 256
214 355
877 737
760 741
622 207
564 816
226 548
578 305
467 818
583 544
507 53
548 805
436 255
717 858
977 949
544 752
280 893
623 336
186 853
653 515
912 643
786 228
313 590
540 923
220 266
66 878
490 546
25 327
74 293
455 352
919 136
486 574
692 893
363 193
182 775
402 511
541 400
502 308
69 383
625 263
846 87
459 579
302 15
25 362
316 447
357 517
585 866
378 736
896 755
400 898
239 545
225 115
98 739
211 448
12 55
529 859
143 590
624 295
93 956
809 507
461 696
558 30
420 193
637 575
818 379
124 982
767 172
54 777
793 279
559 688
11 966
73 257
93 862
663 726
975 288
689 127
428 229
31 408
453 566
438 394
794 658
776 953
601 452
234 423
771 766
651 916
564 659
16 653
417 59
337 967
302 947
247 461
804 372
276 917
904 342
483 203
891 198
488 339
587 705
713 798
203 248
427 496
35 899
17 380
74 615
428 990
341 459
625 112
181 562
661 760
812 884
635 59
303 3
364 115
900 471
795 171
908 970
265 600
585 595
643 271
169 500
83 346
374 303
726 688
486 693
36 876
904 752
170 164
179 860
308 888
258 85
460 928
741 818
639 95
134 267
709 276
511 269
111 526
75 556
3 283
791 210
278 899
886 340
279 446
619 43
413 616
305 39
785 477
309 567
330 498
633 251
119 896
340 559
894 242
521 960
932 90
214 751
414 509
841 855
418 992
127 630
443 415
998 239
203 715
22 454
190 471
138 114
176 129
468 651
77 127
851 616
724 730
375 894
621 898
893 253
59 589
43 192
328 136
928 394
712 305
824 331
164 980
556 898
481 824
656 808
52 161
159 655
843 758
130 887
186 555
453 330
302 681
195 699
643 687
562 811
890 438
530 263
507 874
364 945
884 994
222 275
289 486
367 718
122 143
782 145
346 599
722 667
169 54
189 43
725 73
299 758
291 615
995 975
652 532
429 909
965 747
782 947
812 407
481 454
942 957
286 697
16 333
913 977
987 491
24 840
459 523
978 761
939 773
784 834
433 180
560 930
126 267
219 743
809 273
741 854
905 774
945 337
871 194
31 796
791 246
291 717
300 819
709 409
539 189
180 873
665 227
850 225
923 599
440 581
167 562
962 854
980 531
91 380
167 643
746 176
431 894
750 958
128 145
155 840
746 723
45 436
584 58
640 252
532 231
108 959
987 68
1000 217
151 131
601 635
345 181
273 688
312 42
60 664
151 563
502 189
322 159
855 811
397 719
570 937
589 169
190 926
448 297
302 564
187 884
169 129
540 944
246 401
122 163
216 164
769 870
86 920
706 475
283 613
654 43
38 307
969 571
677 202
383 233
27 13
501 126
931 627
307 301
71 316
257 719
676 404
620 27
931 704
52 543
612 727
793 743
439 533
871 362
378 717
278 984
575 850
615 865
317 574
144 412
331 846
229 97
44 381
571 717
214 821
470 675
126 1
944 575
989 157
776 672
232 628
358 500
824 856
436 614
573 591
277 114
81 785
266 390
286 695
400 611
868 560
426 495
246 907
529 698
794 558
237 881
68 975
363 969
289 942
568 691
988 744
997 118
510 719
294 264
974 350
333 366
319 943
30 278
753 419
381 610
128 266
241 151
831 64
446 38
929 984
911 216
949 405
836 737
241 96
648 928
63 315
251 203
957 297
865 843
773 104
646 494
706 29
389 863
339 604
268 608
285 926
325 593
807 825
520 457
978 893
544 479
606 397
450 55
147 722
740 755
852 789
579 567
875 412
892 534
936 296
353 362
151 27
339 21
769 649
329 193
394 488
866 40
459 578
334 626
634 60
952 705
718 660
6 752
813 640
838 93
396 448
418 648
24 559
353 933
761 32
779 641
412 890
78 890
988 281
92 454
555 998
457 839
21 599
102 171
220 34
918 167
832 676
984 543
343 292
590 799
824 231
212 522
135 88
945 980
984 910
586 974
181 298
953 449
295 278
888 234
803 323
860 144
534 721
907 481
910 896
68 803
539 982
665 279
884 397
940 367
523 209
108 903
128 359
624 361
795 753
647 368
782 489
151 633
308 112
536 147
20 300
523 447
319 848
976 441
354 357
125 754
290 937
904 181
337 312
282 617
653 550
673 360
161 700
307 167
53 454
679 278
89 792
117 691
869 612
504 552
601 254
286 928
605 670
252 618
535 695
238 557
633 717
80 571
862 637
979 924
394 957
199 834
938 702
562 322
252 840
460 829
780 284
528 717
231 194
445 13
715 305
798 389
700 75
918 585
560 766
732 980
184 822
295 758
991 597
10 610
585 238
179 637
770 40
864 307
171 573
633 250
462 204
227 841
430 942
694 395
839 694
509 79
680 325
153 385
954 143
996 679
263 122
780 160
999 300
125 415
556 319
224 944
391 982
565 519
366 837
163 783
882 397
699 193
244 291
889 563
452 343
346 254
272 757
229 433
618 290
715 166
515 223
760 687
707 104
726 452
485 378
234 281
930 217
437 455
471 607
959 70
985 790
470 113
938 207
690 292
198 527
694 640
285 309
42 186
540 941
820 461
200 930
243 964
905 329
890 137
377 314
819 143
123 298
698 94
143 713
917 806
735 99
443 675
689 655
69 421
417 972
936 480
368 226
187 678
369 575
279 142
562 358
675 523
286 702
473 617
257 729
23 133
374 699
788 779
644 727
416 752
135 988
176 332
827 852
224 143
97 119
794 23
355 487
304 311
842 315
400 858
688 129
370 552
370 245
874 232
802 925
940 169
992 628
6 885
194 717
65 287
183 263
580 169
377 29
175 995
163 811
609 367
132 698
349 940
48 409
234 508
556 65
629 533
176 317
360 42
233 828
768 81
458 667
275 451
133 929
417 873
505 558
364 609
845 494
995 449
613 914
560 354
797 75
285 151
472 898
215 730
143 105
679 107
129 651
169 998
77 725
852 685
778 264
892 190
513 557
184 229
717 773
973 411
868 183
192 688
355 92
691 662
195 551
36 865
933 893
971 134
160 778
352 822
739 162
208 682
905 276
434 292
291 693
697 666
290 832
735 54
238 634
701 354
60 366
743 225
908 572
395 723
912 583
554 132
437 768
795 146
426 401
554 791
793 629
866 5
460 758
335 506
373 51
193 469
601 464
305 819
16 426
622 574
348 887
370 795
761 154
979 207
76 267
993 15
93 37
151 325
486 92
291 94
917 766
910 659
224 171
762 423
654 535
750 872
343 658
590 657
917 367
591 120
758 987
432 119
912 985
823 21
395 143
793 34
847 147
889 905
693 569
569 523
258 606
958 695
353 580
186 210
237 542
439 562
557 235
348 101
689 307
138 11
927 777
298 821
940 132
707 147
690 863
360 6
638 889
588 406
882 183
220 562
494 209
920 1000
356 210
907 674
836 324
532 61
972 900
570 987
440 252
248 307
62 23
985 416
986 139
113 45
958 45
728 510
946 525
765 573
549 752
435 48
592 157
386 756
114 721
152 974
65 51
799 888
912 532
186 235
161 512
861 559
492 86
22 963
601 787
27 123
908 544
503 630
895 848
696 378
326 469
58 799
478 144
80 751
118 939
936 440
644 905
61 265
154 413
818 900
912 321
253 609
692 91
793 706
667 169
192 247
377 189
343 592
130 53
371 229
847 416
939 989
743 211
690 477
177 246
250 548
823 347
699 361
175 628
120 8
862 533
339 358
33 919
676 111
415 197
328 245
280 888
760 965
927 62
162 356
91 310
609 437
276 492
205 258
633 319
564 895
157 447
72 73
660 330
883 131
816 905
889 534
121 764
893 102
767 541
347 78
223 563
924 758
119 482
582 674
931 486
551 945
280 308
910 560
379 206
986 474
750 307
643 919
879 149
864 946
369 500
426 117
155 593
178 722
878 87
436 46
648 974
647 640
461 429
575 703
313 398
790 524
47 837
549 821
215 627
971 241
574 942
117 513
373 695
84 446
557 165
251 327
948 167
959 993
601 253
857 107
839 79
397 504
544 102
758 421
298 399
373 969
621 147
862 135
403 968
558 636
460 687
744 610
487 198
344 880
587 156
9 512
386 109
630 18
407 769
235 6
861 838
771 98
165 735
828 113
698 613
452 434
41 978
371 375
137 787
27 643
978 631
590 606
684 743
617 540
465 287
780 210
429 508
603 977
840 317
55 70
629 877
963 441
67 652
33 556
183 290
132 816
632 46
444 846
159 309
292 618
167 878
594 22
902 487
543 467
871 966
112 412
608 370
298 890
209 77
829 851
702 451
815 800
983 494
753 409
272 916
630 865
276 964
315 790
7 564
57 211
958 139
32 415
804 789
416 62
234 861
797 136
356 456
622 999
702 31
995 19
285 581
877 235
442 788
297 15
65 507
601 217
816 825
397 28
109 786
792 726
10 963
198 200
437 860
866 126
593 990
649 988
32 610
567 730
715 335
37 343
221 410
594 660
645 552
556 862
903 564
5 905
401 453
892 829
400 957
643 11
960 133
323 583
344 618
550 750
839 900
370 726
560 618
408 455
335 180
283 636
107 317
111 669
846 288
205 744
728 703
103 265
106 127
713 45
497 682
23 584
284 840
157 502
897 39
145 826
276 420
228 957
926 442
40 343
395 318
489 431
876 813
570 384
458 934
614 414
663 905
688 123
779 148
368 903
994 839
315 596
11 383
695 393
988 693
904 451
669 238
726 481
432 615
108 968
271 54
384 730
285 769
281 838
969 880
748 760
475 600
470 402
899 646
591 878
61 719
868 33
9 76
359 942
640 314
489 884
133 242
611 257
540 771
578 458
924 226
846 308
15 211
825 355
576 296
429 717
393 463
677 359
914 91
331 183
630 265
299 917
122 16
757 732
142 381
1 895
865 632
459 41
352 533
524 621
567 649
182 681
68 156
684 875
700 954
259 176
562 922
799 586
503 691
676 263
370 792
98 363
781 124
585 843
550 699
808 38
93 36
993 510
831 970
46 106
306 303
469 865
201 195
176 783
234 29
897 865
774 553
645 959
6 967
172 475
634 730
121 389
562 731
241 760
25 207
302 431
64 611
858 633
380 773
80 433
751 502
201 398
628 99
906 979
360 361
269 158
505 768
21 72
185 130
116 942
246 789
176 331
711 821
710 445
289 940
58 511
350 727
920 122
935 727
595 952
584 993
708 249
301 701
177 631
364 567
328 741
347 259
228 6
266 295
345 358
219 333
216 501
952 425
590 415
276 611
738 640
298 231
824 99
53 383
368 367
160 123
515 547
455 460
886 784
925 684
161 519
473 789
790 618
792 671
151 164
9 731
174 767
981 245
658 184
786 389
678 191
183 631
38 350
60 226
278 297
904 840
445 312
361 933
161 865
74 2
2 295
365 513
573 60
97 867
796 861
317 227
602 540
72 575
774 856
461 595
230 272
715 740
961 548
370 542
701 698
136 878
298 339
12 129
654 752
757 323
945 121
248 438
585 466
548 162
78 49
832 725
867 301
414 23
876 742
538 875
978 146
638 952
50 641
215 89
396 917
827 347
299 226
450 330
752 982
141 935
163 627
366 78
833 651
750 304
185 120
132 488
8 671
782 495
289 170
952 470
916 369
760 699
80 241
243 607
488 342
324 996
398 103
769 529
502 624
721 122
460 228
62 48
507 835
678 878
825 298
511 651
772 487
810 62
602 444
160 391
363 384
454 857
113 345
630 454
244 645
356 957
768 165
697 820
771 310
640 959
969 494
23 498
501 52
406 778
892 683
951 598
109 591
684 819
351 534
176 538
339 950
1000 796
654 259
119 249
163 356
770 772
40 505
120 839
283 663
799 403
819 369
822 592
737 968
679 805
2 88
45 905
192 323
606 826
149 923
153 88
317 725
373 56
608 970
755 583
746 968
287 882
936 608
176 843
137 605
210 381
708 396
410 587
824 641
362 832
916 209
220 294
405 852
267 863
430 761
368 924
631 957
115 441
868 857
689 378
968 783
698 504
294 455
759 529
834 712
104 53
694 868
238 32
720 239
477 363
464 429
946 865
983 350
593 384
855 817
872 73
178 582
783 39
317 706
147 961
856 738
32 15
89 210
930 552
916 619
960 683
43 641
290 826
256 886
207 535
156 983
530 36
939 600
65 363
377 425
766 909
92 580
936 482
350 404
942 312
598 430
800 337
303 774
843 898
109 563
610 120
227 568
936 969
411 417
984 413
714 10
970 912
426 946
796 564
525 82
927 322
304 126
162 600
490 61
880 877
131 847
83 198
746 778
858 832
859 569
396 281
831 695
98 537
137 927
908 444
563 618
34 497
406 760
953 541
331 901
867 855
798 471
728 559
630 925
984 985
544 473
950 178
689 388
484 256
867 870
414 111
400 518
534 300
490 44
150 549
707 808
154 680
690 910
806 684
128 3
920 31
629 531
9 256
284 670
12 653
732 284
147 142
322 484
270 328
536 94
795 699
464 393
188 288
164 858
792 375
846 558
8 294
564 283
892 184
697 446
333 570
155 294
800 945
782 193
237 414
94 313
78 886
373 878
601 139
673 278
32 154
235 645
950 826
772 78
956 675
424 468
792 801
703 470
981 208
340 200
88 97
711 75
930 814
57 682
633 651
778 842
140 359
527 853
490 748
416 519
92 552
141 839
599 468
995 893
557 228
931 709
74 126
366 237
813 665
390 618
84 939
608 549
625 633
808 39
297 307
534 140
348 919
684 537
799 248
396 317
421 364
131 568
760 190
558 113
617 731
923 564
565 724
978 28
245 555
599 716
736 22
55 318
936 568
584 202
309 447
167 817
815 901
120 426
466 618
967 718
960 314
594 324
950 331
824 407
751 68
328 742
811 243
902 206
264 649
851 658
141 252
266 292
493 489
403 389
151 739
902 857
801 42
394 576
893 388
860 755
875 155
241 101
665 971
483 32
427 138
532 285
675 849
900 217
795 933
947 798
342 852
593 746
602 986
579 939
623 562
146 210
477 804
667 284
631 967
69 490
301 712
269 24
572 407
528 597
356 886
912 308
400 216
934 869
3 5
98 413
46 165
818 21
378 748
418 647
754 835
331 670
577 730
248 208
249 889
839 574
239 402
478 722
796 659
283 960
103 195
361 480
310 443
685 229
542 630
817 53
654 359
825 546
81 566
127 606
332 566
228 999
450 425
992 428
629 937
99 914
176 153
6 583
896 162
557 589
402 599
2 573
741 432
210 440
46 946
52 427
95 845
384 869
205 243
778 29
817 497
232 47
734 858
110 80
882 217
969 841
29 54
378 392
734 997
806 470
422 463
996 32
65 834
225 754
892 113
216 466
877 995
660 895
437 642
706 205
969 876
564 211
804 834
950 141
481 611
498 515
173 877
644 186
38 409
44 990
117 688
668 32
501 273
1000 720
748 886
432 612
770 624
189 116
482 254
464 925
657 194
74 468
420 184
844 113
633 835
923 3
544 220
598 387
771 471
370 974
188 35
601 889
581 436
451 659
783 676
145 272
663 50
352 316
336 849
124 784
710 107
224 230
757 4
923 478
102 251
672 606
185 765
666 116
651 488
652 7
600 496
233 265
767 844
549 409
163 210
181 410
977 267
405 226
210 378
160 683
31 376
950 70
807 459
771 689
295 311
632 159
194 902
671 168
659 560
756 256
844 285
102 662
489 723
241 370
613 234
560 490
216 963
513 804
806 611
326 715
256 267
756 550
119 230
205 52
661 469
904 374
146 914
9 86
252 308
588 190
455 113
323 908
518 337
541 16
800 918
708 615
322 294
217 4
99 40
375 303
69 640
783 196
436 465
576 636
10 991
740 295
43 529
431 222
839 45
888 745
353 294
779 782
951 987
943 115
832 364
2 381
605 385
645 534
114 593
653 11
421 15
832 82
652 197
69 85
685 267
211 508
214 813
250 602
931 919
710 358
295 612
651 276
858 752
991 872
667 558
337 327
401 670
466 562
358 351
499 594
716 837
400 635
59 798
869 10
617 792
361 218
237 567
555 606
578 917
371 913
428 312
604 161
544 924
618 261
945 755
822 155
823 758
347 313
539 915
793 391
25 557
284 270
569 424
327 360
521 340
480 885
583 571
169 560
720 91
593 483
955 772
26 868
706 130
325 744
142 950
881 424
700 996
661 602
611 259
338 869
800 946
428 787
881 57
467 951
369 877
942 520
355 174
522 667
164 392
881 138
278 400
886 165
677 246
553 440
112 88
368 178
900 427
575 747
304 650
891 718
529 455
344 187
930 926
168 105
94 634
463 178
46 142
735 870
938 516
253 971
644 694
187 421
499 375
444 460
106 191
362 197
59 239
509 380
779 758
267 474
404 785
442 76
764 671
894 14
508 477
538 994
960 910
703 637
216 955
305 478
107 362
608 209
863 891
522 257
872 710
730 684
90 783
729 245
832 808
81 64
466 762
986 453
762 409
972 816
919 795
47 115
47 588
817 549
176 427
294 454
68 745
958 119
264 990
851 770
839 341
802 322
416 9
290 461
939 231
281 977
442 1000
765 599
960 613
201 583
734 699
184 371
576 565
316 880
373 833
798 737
491 506
290 867
592 303
278 444
784 593
563 207
800 299
52 584
625 314
202 93
611 251
338 397
46 170
870 164
526 723
166 579
265 379
582 59
984 23
808 4
647 900
900 572
614 488
923 501
373 310
908 511
880 950
239 413
757 464
595 429
623 478
20 662
243 644
451 221
272 495
770 354
940 950
47 247
33 727
718 199
43 317
922 456
745 171
559 552
721 751
940 212
725 794
768 109
327 530
263 470
416 311
125 827
181 121
294 855
501 732
925 74
428 550
556 810
450 565
906 265
119 623
122 588
911 56
588 155
811 508
63 347
998 866
988 899
472 236
694 555
18 200
458 259
33 320
77 619
848 910
100 988
781 621
341 470
65 439
752 178
994 288
31 739
987 225
606 365
734 294
476 594
661 884
9 388
631 938
820 257
191 709
949 829
456 542
273 184
153 994
295 192
689 752
342 706
218 852
934 902
60 119
117 66
857 699
876 241
736 548
808 81
603 559
600 211
281 65
737 974
560 577
101 559
562 51
183 25
673 843
403 698
659 996
163 213
951 20
555 855
183 661
404 201
577 967
82 31
615 139
270 822
769 149
650 688
758 689
140 594
513 232
366 782
681 818
82 321
689 495
451 12
901 658
99 542
447 106
845 117
152 478
134 170
411 571
85 448
512 78
472 571
308 161
54 453
937 727
739 607
868 953
355 838
90 25
700 850
185 267
223 327
152 764
857 313
14 230
289 293
570 926
517 245
173 831
60 471
182 934
352 925
967 978
687 795
213 160
584 780
93 394
667 455
151 238
923 113
791 972
714 854
199 802
113 421
976 104
815 52
526 441
468 193
656 171
566 910
155 525
545 641
610 489
918 406
2 15
380 542
549 299
533 950
384 371
607 613
629 221
82 112
541 919
747 366
676 930
387 757
438 85
187 215
372 217
524 238
428 27
709 166
324 68
770 298
183 259
591 134
723 374
391 822
710 528
270 701
200 217
419 441
850 911
797 692
889 723
121 697
872 184
310 829
424 892
63 223
450 176
551 890
744 180
891 423
622 309
937 563
138 577
982 205
158 387
454 618
4 813
242 272
596 839
319 660
359 939
160 227
859 419
179 641
652 832
601 792
761 610
743 662
209 763
818 555
122 172
435 73
115 831
294 828
155 70
856 505
69 500
877 349
18 818
667 419
245 211
248 617
84 215
606 180
681 3
495 671
98 503
505 495
73 211
532 814
511 129
974 555
686 213
729 440
841 214
308 829
116 326
188 859
235 336
956 336
633 197
63 686
569 813
785 408
231 152
648 157
421 860
119 839
120 95
716 795
880 617
149 66
847 159
689 85
232 392
936 570
349 539
813 236
856 288
48 42
233 994
552 618
147 462
276 42
849 152
299 251
543 404
780 586
547 849
586 649
898 541
95 541
402 989
366 32
133 385
575 148
864 213
595 554
581 515
531 786
915 179
509 552
833 462
997 339
411 656
621 359
170 116
578 442
840 57
530 313
967 780
109 36
916 702
187 806
227 41
781 584
928 4
341 49
806 229
927 876
120 512
541 328
155 437
659 514
17 436
805 467
682 160
130 717
866 195
922 593
99 240
407 27
78 153
602 761
251 413
550 105
704 600
408 838
192 45
813 618
406 64
796 856
304 518
784 880
69 266
294 208
970 71
116 299
819 278
757 892
993 31
150 52
279 400
265 909
432 297
527 766
71 722
280 717
103 253
140 841
548 94
362 73
523 960
738 444
137 981
1 759
391 88
139 3
358 405
897 108
715 805
771 599
186 477
993 987
513 60
668 856
280 137
651 906
966 61
471 445
953 166
402 740
446 229
229 251
622 258
411 356
555 327
739 546
26 955
78 496
397 560
498 863
582 979
470 473
886 484
920 742
282 707
134 608
566 615
569 193
42 195
155 480
685 438
751 542
4 27
188 360
207 572
445 119
123 261
190 693
467 272
400 183
387 435
508 908
635 287
636 588
178 116
644 873
974 752
403 829
406 108
814 345
446 893
175 289
895 86
533 703
516 291
40 508
187 383
282 89
999 244
656 166
322 934
848 363
384 505
737 973
957 704
871 62
196 374
662 127
999 474
547 301
875 840
125 297
879 640
182 208
803 971
614 247
139 47
34 347
33 800
806 933
310 52
655 133
154 544
923 469
858 572
715 451
716 946
846 21
902 475
792 172
481 969
268 972
751 152
475 917
195 498
33 499
966 877
720 339
410 227
918 640
140 251
285 29
308 162
146 709
73 867
333 305
445 983
390 380
454 527
740 124
811 166
924 875
328 174
947 698
235 636
588 184
695 756
899 575
958 657
989 983
425 164
668 352
579 839
104 357
195 590
659 95
381 775
249 409
854 206
964 794
274 466
517 406
259 442
649 230
916 582
689 203
352 525
922 649
170 658
814 411
535 327
61 220
355 483
745 305
956 11
917 515
205 817
867 412
995 723
762 170
211 160
196 692
343 935
326 819
44 512
780 396
747 67
269 657
663 449
228 756
11 806
736 303
555 805
277 247
10 402
942 251
917 502
908 447
505 526
604 494
92 58
3 539
944 491
636 201
747 510
654 862
513 346
401 928
186 34
655 740
724 992
570 396
147 437
846 113
336 266
392 524
229 81
656 733
345 620
471 796
755 57
518 247
298 858
907 300
289 117
238 80
646 75
246 559
284 264
46 859
540 35
309 235
312 65
186 614
100 32
981 665
782 426
506 763
513 695
532 149
660 834
822 406
556 755
795 557
977 834
659 10
956 600
796 433
35 833
659 123
74 697
990 875
807 787
766 584
999 747
485 861
929 441
182 899
787 799
682 459
875 438
804 645
236 100
130 665
493 595
386 783
88 19
641 771
568 285
74 490
662 763
443 819
374 361
526 410
838 472
770 856
227 601
430 158
13 462
642 286
550 703
899 501
704 75
653 190
172 881
457 173
115 905
577 620
245 278
124 969
162 746
799 138
852 182
750 988
111 802
737 215
225 443
366 852
771 634
439 920
703 639
135 387
358 712
729 996
824 700
72 417
327 923
219 50
956 959
441 236
43 352
24 136
245 842
491 246
121 852
638 787
967 715
931 497
938 479
992 561
157 105
394 365
177 619
109 368
825 967
156 413
385 614
775 337
958 848
115 100
273 517
863 680
789 725
355 765
707 436
420 71
583 537
488 382
731 298
345 155
517 187
740 52
686 950
800 865
326 227
632 772
389 857
985 468
812 911
526 165
723 781
866 192
740 761
440 93
13 191
434 84
696 383
678 179
221 316
482 840
70 963
143 532
18 678
620 131
663 186
120 859
672 343
775 463
258 72
614 543
960 82
409 204
12 95
325 32
348 967
745 621
762 341
837 133
767 196
309 988
220 137
793 999
373 421
90 685
756 154
850 163
337 380
618 135
620 569
625 981
405 203
780 777
105 121
881 457
788 268
99 919
832 600
68 599
690 538
964 77
140 575
487 976
552 583
76 445
827 351
258 942
831 319
393 877
425 355
551 940
919 968
591 415
298 786
523 215
158 318
911 356
734 857
163 708
518 78
886 692
251 911
346 937
313 288
617 556
17 740
87 431
310 695
424 738
170 10
80 354
180 167
728 479
133 1000
229 702
105 864
839 437
911 984
700 541
277 828
459 937
26 636
578 161
678 875
239 910
39 514
796 389
799 744
397 68
75 886
57 743
611 136
619 885
400 199
662 675
210 674
774 824
173 343
867 496
745 696
102 367
255 750
839 910
736 405
827 846
149 822
82 251
874 367
90 551
54 893
515 253
185 514
295 409
853 911
14 819
241 811
828 707
555 755
654 851
651 378
713 133
617 801
855 363
759 229
685 1000
447 501
512 290
695 307
826 206
440 381
662 440
617 67
133 628
160 908
747 704
453 821
238 437
268 666
828 608
825 231
817 530
858 206
401 519
931 180
601 608
393 107
968 529
787 439
864 706
114 417
208 554
812 674
501 559
925 477
413 644
843 892
868 153
265 306
530 382
568 181
820 703
761 580
636 796
565 264
113 377
429 937
244 534
108 52
329 417
347 952
744 428
815 138
874 655
326 22
681 37
884 548
60 166
135 564
635 314
468 195
141 99
1 560
532 788
148 705
331 637
563 950
601 367
713 407
456 282
364 387
19 808
22 89
168 823
279 362
463 505
339 199
840 608
782 583
236 709
58 677
790 82
64 382
905 520
385 44
205 739
64 749
174 358
804 249
918 865
802 774
719 450
249 304
182 44
55 470
906 824
393 715
903 763
567 443
438 373
646 814
152 30
744 408
617 942
101 5
319 210
391 833
270 562
91 19
9 260
566 224
91 128
402 813
310 930
39 160
976 202
168 919
869 401
525 837
431 714
803 639
553 848
960 894
504 884
635 956
601 636
971 539
218 180
924 840
356 282
319 662
476 839
352 861
132 139
812 533
327 666
454 778
844 390
807 786
593 642
830 241
703 333
109 864
950 830
867 76
170 740
777 340
433 414
105 969
549 824
861 630
364 178
790 562
633 655
226 207
465 781
562 693
935 118
403 97
121 237
248 474
926 829
487 5
97 203
5 1000
999 174
766 655
123 923
326 796
878 793
866 865
761 13
982 843
767 35
914 683
202 361
352 86
541 968
121 287
489 195
847 232
63 569
512 139
58 411
42 996
168 567
617 872
158 510
853 808
654 827
736 42
845 840
572 640
760 928
999 79
546 295
747 618
125 50
769 76
772 805
959 337
465 149
441 92
172 788
114 494
217 645
437 392
259 936
906 129
240 636
63 295
113 965
39 469
688 457
284 412
67 767
734 924
937 446
962 963
800 866
160 1
114 376
579 798
283 205
449 229
406 764
515 550
832 418
181 217
27 192
890 344
374 57
583 975
216 135
808 459
352 583
4 176
761 493
192 944
100 537
29 265
840 169
455 745
961 876
869 811
175 158
253 650
416 551
434 941
866 35
630 8
367 696
619 793
691 180
508 824
457 110
165 805
738 233
685 430
875 780
37 507
277 332
106 158
508 542
36 362
83 130
546 758
103 255
244 521
131 300
127 757
419 132
96 119
427 753
219 839
253 191
271 512
453 429
951 162
319 308
727 411
909 399
154 637
216 922
12 627
185 161
628 243
910 907
158 172
507 282
659 393
641 150
845 78
479 976
872 436
776 1
121 992
986 420
147 202
259 900
540 563
557 491
851 690
963 940
838 808
740 90
336 128
673 7
949 498
950 597
521 219
797 190
13 623
218 287
551 499
3 777
41 382
501 364
729 74
886 250
113 620
49 279
735 89
67 214
628 808
277 684
460 598
652 616
429 929
498 478
251 443
948 451
574 285
706 653
924 372
377 1
965 640
433 311
127 85
990 237
761 235
889 414
265 802
639 206
70 191
644 762
918 393
520 808
940 593
343 848
712 560
468 398
305 341
410 259
13 358
469 804
254 10
861 98
810 800
305 168
198 22
261 717
922 265
212 76
345 884
452 184
127 638
555 729
917 18
46 752
380 842
987 338
457 727
703 694
371 953
879 465
702 634
834 656
465 221
780 524
769 293
399 230
760 694
264 699
512 65
803 578
950 279
552 834
575 174
747 993
266 563
739 977
646 143
761 873
212 567
200 448
602 123
251 27
658 313
350 861
13 915
126 281
410 84
701 486
646 425
692 31
565 279
753 991
576 624
919 256
667 299
354 98
565 440
472 489
274 355
297 130
961 187
563 155
508 898
108 68
533 328
112 143
519 828
297 275
389 707
670 876
363 729
629 279
316 660
729 417
432 382
291 218
477 187
44 514
671 679
983 753
984 273
110 775
700 213
297 606
707 723
945 218
949 690
310 371
600 464
106 121
497 684
869 500
525 640
148 838
522 390
188 758
673 530
711 958
859 843
474 487
439 551
668 787
281 445
995 342
34 95
896 110
347 140
285 78
803 657
327 727
447 206
371 269
293 724
459 308
497 121
997 316
946 830
892 70
983 377
622 171
569 29
455 192
78 601
544 749
392 74
431 299
415 854
198 610
19 173
646 506
298 156
815 401
728 489
39 743
133 366
796 34
139 993
356 633
624 793
473 771
807 738
620 365
839 13
805 397
329 354
540 174
852 872
486 666
933 764
387 397
740 549
581 487
728 37
781 229
984 463
487 4
454 471
202 436
424 134
335 112
541 677
321 514
102 856
948 729
698 692
576 24
225 110
478 616
795 294
228 574
983 661
486 87
268 158
738 292
701 656
353 770
286 462
36 408
153 441
261 309
483 828
814 992
270 834
676 961
625 815
384 193
737 213
96 219
629 815
318 590
619 265
346 415
297 997
318 729
693 435
441 242
439 523
388 559
480 600
143 644
968 253
237 297
955 489
225 756
531 678
241 318
260 368
461 305
816 768
484 918
600 919
322 460
610 894
62 300
621 356
973 295
26 836
522 833
269 416
865 835
517 202
352 890
207 692
47 799
708 699
251 176
905 313
283 125
691 360
178 877
363 299
805 464
181 598
406 357
43 605
134 820
714 794
1 861
428 334
867 248
795 119
715 473
778 875
840 844
348 675
205 870
101 853
391 401
356 962
303 709
74 159
365 652
166 583
225 25
79 930
31 847
261 661
311 207
504 63
33 831
641 696
365 942
444 579
690 423
49 53
451 361
987 427
749 840
944 294
484 487
283 884
620 571
306 559
224 940
154 971
565 555
214 587
15 526
695 184
456 239
239 236
387 835
234 428
807 435
495 455
564 612
600 853
671 270
837 616
822 212
769 472
879 45
807 256
275 403
521 623
744 352
17 952
788 211
293 539
630 796
439 767
877 845
716 333
540 272
702 264
460 147
178 604
565 16
713 773
398 105
699 726
246 311
377 708
416 920
553 585
682 958
912 151
541 353
655 432
338 309
808 537
900 73
313 625
558 677
907 684
766 776
235 832
909 128
38 493
611 61
335 357
355 379
754 828
456 514
41 168
154 329
9 586
84 10
269 904
897 502
662 784
165 728
121 137
667 138
690 105
139 501
214 939
288 765
58 655
784 977
477 199
685 290
524 992
50 795
602 796
257 147
223 355
634 685
965 195
159 28
932 284
478 834
653 422
233 157
253 66
82 929
384 137
333 234
556 775
798 891
875 619
107 517
272 606
975 700
778 216
983 129
967 764
318 352
135 346
673 855
986 278
915 782
220 578
495 328
906 617
959 505
414 319
655 976
192 385
863 605
419 844
792 242
276 513
113 908
976 14
245 766
489 897
19 144
960 562
389 782
468 777
2 895
52 968
604 653
687 694
1000 674
944 358
786 37
643 436
518 628
207 541
99 188
799 825
782 9
880 563
952 820
558 560
127 251
921 596
188 109
300 631
687 5
709 733
247 562
319 535
164 198
524 678
562 497
330 317
169 151
386 251
937 72
945 105
979 168
373 377
951 342
383 304
791 265
723 175
381 173
1 321
96 65
810 904
339 295
861 502
129 37
628 487
923 735
772 112
174 471
909 544
586 959
751 475
901 976
584 212
585 381
256 95
844 488
526 495
651 70
983 165
72 279
751 185
169 675
385 494
349 981
271 607
547 774
489 690
163 561
440 394
722 480
461 268
318 495
546 82
289 894
489 579
223 694
163 670
276 999
793 219
522 987
435 190
372 776
433 976
820 228
643 869
679 99
437 340
830 405
708 561
433 801
923 808
826 548
407 301
782 203
6 189
114 677
5 274
248 655
239 473
52 851
36 632
218 583
290 856
934 145
382 516
471 286
577 180
282 984
744 643
230 946
807 735
201 648
53 695
170 629
814 442
246 136
265 927
13 233
434 62
763 265
191 878
23 465
913 948
272 60
808 158
518 781
541 676
727 845
710 37
315 239
460 972
525 112
853 611
413 694
208 249
802 10
776 730
962 913
118 515
414 256
514 114
698 919
515 311
141 956
82 80
358 493
127 672
712 185
119 752
174 499
91 339
96 331
404 124
558 341
561 151
10 151
928 894
530 990
109 589
806 883
474 504
147 552
116 949
210 462
160 583
68 816
234 472
785 984
39 241
868 799
