1000 9883
622 362
751 66
219 469
56 246
698 301
425 260
669 124
337 755
636 497
32 367
765 723
588 364
592 119
595 523
652 913
321 135
851 757
18 225
912 150
8 87
503 296
363 413
492 63
921 833
503 473
680 760
143 664
769 857
365 472
630 364
908 984
947 2
326 461
535 283
916 783
5 552
279 89
433 265
307 272
535 392
830 604
321 636
729 367
254 306
109 757
917 568
314 751
97 213
261 932
633 907
26 219
409 209
192 207
466 482
714 76
897 676
773 189
917 681
610 429
370 646
616 870
176 851
672 584
362 34
40 736
662 87
794 87
462 249
943 618
12 184
905 859
799 316
663 379
791 422
278 735
281 169
211 296
803 108
841 929
399 633
703 527
153 359
135 83
671 45
693 613
513 135
197 918
626 520
936 538
940 66
427 913
547 992
345 568
445 749
161 158
306 993
699 922
956 354
997 145
981 636
206 819
189 601
564 443
985 746
898 903
498 931
521 217
795 534
872 227
13 621
288 84
396 297
402 164
467 592
467 566
571 956
574 33
558 682
260 169
392 839
969 822
875 482
468 980
566 645
435 133
478 229
460 592
875 371
88 95
288 417
142 316
861 956
112 101
493 536
279 125
14 104
286 897
841 432
349 674
321 600
490 433
149 706
850 465
44 536
432 378
838 182
440 853
420 491
742 338
945 188
457 874
700 162
555 641
814 942
101 12
713 57
913 559
400 646
225 375
462 68
91 362
497 535
86 334
525 747
423 55
682 746
305 46
186 509
120 377
976 850
171 496
651 938
256 146
534 613
210 614
678 675
224 782
208 921
469 78
824 179
332 506
596 671
579 843
981 995
216 291
821 778
436 296
955 988
886 800
812 963
799 939
126 885
36 581
147 676
222 424
875 462
964 917
877 372
92 940
916 848
544 143
247 924
766 948
359 326
89 358
329 311
682 663
468 206
306 33
753 648
3 67
465 960
179 898
328 456
187 415
480 131
45 853
893 625
710 73
268 244
641 630
914 578
954 503
860 523
31 151
253 771
658 703
291 58
111 677
161 643
684 707
956 312
870 146
836 774
713 213
287 974
849 405
931 251
626 705
578 892
881 917
301 311
771 659
65 704
816 56
157 272
886 420
638 846
704 717
669 373
962 481
693 383
876 971
73 946
147 151
258 772
152 319
401 587
255 819
916 321
557 561
541 754
610 753
384 577
21 916
830 410
243 540
483 13
247 60
34 513
936 79
579 807
47 773
341 24
75 68
722 805
504 762
356 635
169 435
602 383
655 491
460 521
373 792
175 22
892 516
325 66
80 764
505 1
995 866
173 482
898 848
50 111
736 626
398 525
899 104
991 758
4 396
481 105
852 72
49 301
280 694
760 487
979 71
690 46
184 803
362 207
525 448
265 110
5 147
296 608
832 850
874 53
505 558
821 72
291 423
171 653
401 896
71 920
534 336
862 957
719 860
632 110
903 101
251 552
712 6
181 333
555 432
11 809
688 31
318 686
431 917
396 888
840 479
400 270
262 913
411 585
909 978
882 172
534 557
703 942
372 766
891 326
251 999
310 572
742 257
734 899
7 760
256 632
26 834
852 714
262 578
51 301
881 78
119 877
541 210
588 83
238 940
496 59
377 732
354 185
193 253
838 655
655 463
476 827
647 859
692 832
804 666
442 583
424 70
387 90
317 773
710 356
947 178
567 741
469 442
202 71
644 882
114 827
427 755
266 760
726 530
250 331
678 401
442 409
101 676
235 162
491 828
292 187
442 264
794 37
743 202
780 80
180 985
269 725
452 70
684 756
135 172
859 614
92 79
898 182
167 543
849 588
885 262
462 438
980 494
569 993
620 565
289 757
860 68
107 622
98 843
561 33
319 305
360 318
362 852
769 60
309 363
385 267
797 710
580 234
972 316
295 343
400 457
229 149
621 915
379 360
659 394
181 636
755 245
583 772
632 937
8 568
831 136
104 961
582 810
416 333
548 622
769 335
822 395
864 587
795 528
422 375
596 934
935 897
337 845
907 761
165 479
171 194
233 351
427 348
449 420
479 27
725 675
517 155
938 96
367 590
796 326
122 783
22 666
117 520
498 570
909 734
374 233
562 758
934 79
131 270
669 786
143 560
87 701
697 729
661 894
956 866
959 269
834 322
465 185
532 653
351 905
523 962
193 507
212 65
435 418
623 829
448 917
60 13
705 320
908 803
505 426
767 390
455 805
571 635
724 75
346 204
709 281
627 117
209 89
482 573
554 665
923 580
671 994
448 612
547 208
289 544
126 71
733 165
55 89
477 487
87 24
619 322
12 300
361 86
253 64
145 853
831 633
404 329
907 89
980 625
747 422
362 840
203 708
940 139
252 729
485 142
113 727
954 903
650 412
501 920
45 470
543 363
581 676
485 287
731 219
234 529
85 458
105 260
797 489
552 837
422 312
354 573
322 31
199 327
40 724
807 4
275 143
299 373
691 535
433 827
144 690
968 612
132 147
78 755
544 307
673 401
910 422
783 92
161 741
593 666
582 782
652 809
999 706
948 140
970 452
423 139
645 381
317 220
445 263
528 517
641 826
114 66
567 128
532 60
549 98
970 9
454 494
22 226
145 852
637 809
856 176
412 918
418 599
201 93
933 276
24 962
496 527
373 327
448 930
430 246
809 431
705 446
945 223
823 154
550 630
55 12
591 110
427 685
546 573
533 801
828 739
487 566
950 138
770 292
96 161
168 750
868 519
764 592
86 588
668 454
129 197
50 870
495 392
6 141
779 143
251 764
582 592
548 448
755 60
793 287
671 282
195 469
512 433
215 910
141 999
309 69
368 527
665 725
726 510
232 110
621 748
437 289
755 346
522 985
151 626
659 160
806 273
556 744
66 124
285 798
238 806
403 335
484 674
782 201
151 937
144 557
967 183
104 896
915 488
312 787
430 933
598 113
601 147
967 68
937 241
611 486
478 19
167 457
212 411
734 480
619 928
302 140
468 124
804 758
274 725
495 677
658 725
923 192
509 457
735 879
774 885
290 348
605 367
700 5
975 141
631 575
615 922
652 224
874 272
374 774
503 936
107 387
475 487
58 325
629 10
791 303
371 310
174 279
676 125
953 720
789 314
422 829
861 666
337 267
979 932
432 97
984 526
418 972
99 124
989 427
546 432
505 926
327 769
880 766
261 403
408 121
963 265
121 750
33 348
16 526
418 174
901 579
820 565
287 592
932 923
627 37
539 967
556 31
295 69
940 382
411 584
893 186
361 872
243 961
366 42
703 937
775 332
267 637
520 88
474 139
534 925
904 422
78 521
692 269
51 447
967 885
734 896
119 84
346 752
810 67
973 437
959 870
801 268
678 100
165 237
815 295
598 157
395 664
506 109
38 452
4 188
799 755
948 491
80 729
279 91
669 639
499 589
39 891
382 897
535 507
791 109
80 775
597 814
658 994
272 169
71 571
567 302
775 697
358 173
378 615
362 32
221 251
331 871
560 555
603 975
897 836
729 809
345 796
578 818
447 335
379 525
96 361
388 639
85 723
33 376
470 791
896 186
271 802
756 308
809 839
102 738
828 154
414 783
220 633
846 221
38 544
622 260
308 212
661 328
484 949
567 512
656 824
19 8
595 701
635 888
389 299
776 68
384 522
186 906
9 947
658 352
715 824
81 689
857 192
156 628
469 138
860 973
486 583
394 977
181 945
957 363
273 177
175 190
459 539
733 425
732 568
698 760
292 73
465 619
362 245
24 534
685 287
887 921
116 349
179 582
365 911
775 818
997 622
33 585
622 164
733 164
297 768
471 394
695 104
201 508
149 132
378 592
200 164
920 157
794 762
724 639
360 426
159 460
876 850
760 843
941 650
565 814
472 659
841 526
402 706
157 44
51 729
345 308
717 52
664 384
829 986
756 558
479 833
685 534
483 130
247 421
240 630
643 778
539 586
259 629
388 151
299 372
816 602
709 81
772 317
534 820
648 867
385 835
761 734
892 284
563 407
473 186
338 776
190 889
294 779
278 396
490 226
302 369
912 485
420 776
550 932
878 548
61 214
763 597
636 733
784 958
150 310
364 504
934 2
153 225
693 999
343 530
534 249
799 933
990 495
975 89
332 368
158 669
289 594
58 273
408 246
775 790
135 247
248 127
106 101
470 514
73 372
25 249
524 229
763 913
512 741
654 800
860 13
183 280
997 868
210 342
536 567
513 205
608 205
241 564
662 494
659 596
402 663
223 637
3 844
152 402
280 199
377 837
91 135
204 414
9 152
191 96
588 500
897 505
310 598
9 233
137 617
673 82
927 717
544 39
91 933
556 745
99 366
905 145
772 273
21 771
830 107
703 251
411 939
661 897
288 158
416 963
515 561
471 935
104 825
351 157
70 831
752 290
900 12
44 926
192 937
726 810
430 343
877 342
273 232
938 746
188 413
154 285
191 758
670 829
164 150
481 510
836 672
619 816
535 470
45 806
942 460
157 876
601 334
897 605
18 606
537 1
314 697
741 894
397 824
893 531
766 259
487 486
913 715
733 458
511 492
762 426
945 250
897 895
236 949
920 392
206 229
72 732
139 28
93 845
994 202
661 210
578 862
776 764
670 63
257 363
501 942
104 856
211 988
759 547
850 765
284 763
232 60
285 46
143 176
458 674
954 815
647 256
246 525
906 138
879 235
613 955
801 33
566 483
40 685
352 374
459 554
781 752
255 567
327 106
900 194
646 474
26 755
844 613
749 77
751 515
554 77
350 168
317 33
461 583
696 150
477 827
614 932
747 809
268 378
136 572
472 421
563 103
866 77
98 35
335 306
134 955
140 316
951 580
41 193
207 244
376 304
342 32
841 362
187 360
978 693
631 621
889 118
127 914
862 323
899 471
225 142
965 90
583 415
687 397
785 637
235 450
438 101
719 28
426 7
315 490
392 797
837 840
106 445
262 673
457 941
115 137
777 654
903 58
484 370
157 436
747 444
128 166
662 295
24 503
133 699
44 10
963 228
285 272
915 905
628 248
409 556
263 441
57 482
958 952
35 984
450 243
509 596
366 455
919 823
540 520
760 526
209 376
119 277
359 778
341 779
161 509
865 897
402 897
99 345
502 822
48 521
602 96
329 732
217 481
925 356
674 932
434 385
937 302
991 231
339 516
835 395
69 659
160 401
97 586
856 265
875 487
206 226
76 832
251 138
374 393
212 476
487 688
421 328
728 114
691 102
451 781
676 498
110 922
357 438
838 26
550 366
116 278
616 822
982 773
939 435
233 171
718 623
498 545
940 733
546 676
840 473
657 261
624 368
400 874
845 600
865 122
137 873
736 137
771 922
646 538
166 976
188 632
138 261
607 815
59 781
206 76
392 648
929 487
327 401
966 954
485 140
56 996
77 114
349 973
171 501
390 145
673 875
690 907
345 394
622 569
169 724
811 165
100 420
375 226
237 253
418 441
882 242
833 542
492 807
699 665
350 951
42 396
354 426
579 191
624 532
420 513
513 945
770 558
51 359
273 993
274 442
437 542
260 249
925 761
855 632
839 407
814 736
683 939
557 910
531 271
40 786
961 190
174 829
82 300
514 550
37 203
791 950
939 739
950 480
890 127
411 266
729 315
841 337
218 525
41 793
900 621
499 354
248 162
709 507
400 967
58 687
3 354
6 583
561 316
330 88
176 798
563 858
654 519
126 22
509 246
36 250
920 429
719 39
850 210
615 86
102 111
34 263
589 631
936 951
242 610
335 991
124 642
50 541
919 933
951 225
308 772
63 993
802 883
345 708
436 693
370 145
483 626
814 538
72 751
716 604
39 201
738 816
333 492
797 317
263 385
721 3
870 524
103 855
52 283
561 555
48 578
752 758
824 227
952 408
612 66
958 82
501 525
912 774
604 766
532 259
436 152
627 647
705 849
522 825
856 675
123 484
87 513
588 42
648 239
385 991
904 121
479 491
652 719
66 796
86 347
553 278
269 828
670 184
421 46
740 716
250 80
179 84
681 250
421 447
653 836
286 887
573 45
369 727
889 488
653 981
271 819
442 384
723 881
889 41
984 323
749 573
552 135
24 544
758 821
101 542
140 974
831 79
942 175
997 271
185 572
607 577
278 823
962 796
699 39
7 28
998 209
84 625
732 37
816 512
684 448
278 529
319 367
966 898
642 972
293 768
898 610
771 752
996 321
513 89
162 169
851 975
399 180
263 485
46 783
540 755
413 24
769 621
76 374
919 786
425 442
627 721
446 64
587 578
803 513
493 91
901 500
68 609
36 255
754 64
826 597
742 737
393 310
397 742
843 826
82 806
593 343
441 546
208 755
173 895
834 91
400 421
189 245
969 625
878 643
844 311
439 201
576 957
739 91
957 240
812 789
407 19
356 745
268 379
221 309
943 50
490 944
658 830
351 551
919 126
912 761
810 19
629 458
576 202
398 671
974 958
131 864
541 821
124 885
395 183
197 239
947 839
205 724
353 801
414 352
988 157
911 800
495 214
496 823
758 563
779 410
410 459
620 560
185 969
24 329
812 226
906 875
10 292
907 62
211 669
524 128
607 859
719 829
171 379
499 150
543 483
413 218
48 803
178 878
719 674
907 76
507 272
159 635
369 279
703 894
405 551
833 953
12 847
54 502
116 683
963 914
12 990
489 543
703 92
962 198
308 500
556 690
260 119
942 879
872 678
981 717
70 862
75 432
222 289
385 918
349 584
498 569
541 179
799 947
639 688
570 741
75 1
277 837
190 722
283 92
566 665
916 952
403 615
409 486
422 785
435 310
364 240
40 198
203 306
923 29
798 562
322 668
362 465
416 601
278 179
999 159
348 819
790 222
465 836
407 650
33 877
585 776
934 665
296 797
816 468
466 85
672 616
778 206
639 42
51 888
419 217
899 323
757 443
281 24
637 725
969 139
810 432
920 449
314 80
81 827
545 514
234 235
643 166
510 372
703 559
851 526
90 938
966 955
119 549
135 448
599 895
872 263
29 974
410 880
285 100
192 92
20 247
818 896
941 537
929 177
930 234
717 50
189 633
890 742
622 145
19 997
86 186
879 793
338 996
997 403
247 84
666 806
78 758
47 877
982 408
34 616
125 963
223 108
388 439
192 720
209 662
225 4
618 890
359 668
654 840
353 79
273 113
476 664
437 910
593 552
226 947
283 56
784 515
397 16
736 780
972 388
701 194
39 991
562 648
815 78
804 733
115 742
662 975
923 249
175 348
308 947
169 339
244 817
232 985
620 180
322 9
897 631
2 149
679 877
26 31
500 202
33 777
322 898
714 384
45 994
796 702
234 45
555 797
662 19
442 190
737 964
872 935
123 895
928 905
836 770
33 619
976 645
729 871
489 10
947 592
591 137
393 716
176 204
694 130
256 84
954 55
441 216
152 101
91 104
845 191
426 287
858 314
586 749
716 684
608 301
772 622
121 274
816 794
212 883
466 671
111 315
42 478
670 212
194 53
855 840
267 675
397 624
612 67
795 549
479 52
616 6
873 633
530 458
288 33
786 864
643 761
792 970
273 972
149 970
60 396
939 403
947 956
711 175
236 930
182 923
915 346
633 551
226 87
364 169
316 68
975 63
463 791
899 223
131 105
61 248
13 956
364 335
2 198
577 346
444 343
598 560
676 154
110 954
922 6
406 159
174 171
698 545
864 281
660 487
250 644
141 499
478 652
279 613
447 711
267 37
451 256
180 962
841 904
453 434
880 610
920 313
946 497
547 122
881 804
242 790
690 622
394 51
95 179
104 858
11 262
323 248
416 438
533 405
4 581
194 887
780 722
12 676
696 749
218 113
80 114
492 814
523 385
707 910
817 684
639 953
530 415
549 794
626 52
919 755
136 130
483 45
748 615
566 400
351 98
977 567
69 701
414 64
218 437
661 757
649 213
557 836
84 286
535 673
810 352
26 403
51 124
87 778
509 248
566 988
292 449
912 490
848 721
272 29
643 62
165 814
150 82
667 164
406 200
425 211
706 578
176 761
486 922
969 396
154 128
637 607
264 408
165 512
928 757
851 33
358 51
241 775
956 508
63 602
817 34
391 83
283 842
488 1000
825 559
399 580
898 293
578 817
595 149
82 448
380 829
987 335
570 477
710 182
816 117
184 719
138 65
735 305
505 808
197 546
915 907
54 213
224 640
561 775
446 942
965 838
649 523
647 465
523 207
252 23
824 400
996 68
172 902
212 939
667 225
164 822
368 729
223 341
5 34
427 336
601 957
618 613
587 377
308 501
56 6
240 483
517 135
868 237
63 333
450 770
34 581
18 62
421 131
892 362
342 911
550 160
900 55
514 849
703 386
173 755
869 918
123 284
821 979
347 852
39 570
724 258
467 283
284 86
644 963
467 136
969 334
400 63
649 572
594 564
116 272
957 358
706 934
253 905
239 586
455 889
149 830
872 829
192 351
288 866
461 845
297 756
653 335
214 976
714 335
54 996
224 991
615 189
694 308
966 553
881 787
727 436
831 458
264 580
566 109
265 425
741 473
484 118
161 189
16 728
128 418
634 240
668 548
119 330
342 495
436 96
160 866
181 980
809 539
789 272
687 544
545 113
602 66
859 431
955 8
472 803
843 884
333 522
118 288
450 870
273 999
541 150
891 977
708 761
838 696
735 192
919 281
727 612
852 851
1000 582
196 927
657 155
71 329
459 683
705 183
465 938
800 365
714 175
531 495
960 99
265 839
140 85
567 606
951 319
679 876
595 273
596 62
524 601
562 122
49 405
13 306
280 943
992 803
24 629
810 892
758 862
771 875
426 728
667 906
691 313
67 710
304 180
415 128
845 971
663 702
488 800
56 676
896 329
349 525
888 193
160 706
83 941
383 882
828 989
405 892
724 670
37 893
547 959
824 536
396 849
8 167
350 740
332 855
775 215
759 804
232 195
431 621
217 689
39 88
556 966
333 379
483 338
985 692
488 508
589 10
440 127
150 898
86 12
954 616
152 546
191 323
215 601
39 271
777 98
696 271
144 545
937 356
42 128
481 672
83 596
133 478
138 703
490 694
566 727
660 536
113 285
577 142
248 516
283 7
925 588
37 28
311 429
97 993
773 680
444 114
32 197
800 282
161 848
848 758
598 454
784 782
439 446
433 507
740 947
154 58
502 474
746 643
992 848
849 697
166 685
204 593
619 83
710 942
378 591
280 151
737 12
700 240
866 744
979 59
597 616
796 781
396 305
549 501
612 895
427 653
49 147
56 721
958 726
614 180
561 56
465 483
59 420
685 919
832 629
409 676
319 361
177 640
293 782
519 16
617 114
233 889
396 885
237 929
730 802
159 534
916 499
664 76
972 785
759 685
869 445
82 545
1000 36
673 130
621 716
664 507
226 564
794 834
191 278
985 257
103 970
99 399
190 986
384 783
985 434
821 220
649 75
49 823
265 370
551 816
969 998
844 418
153 753
838 640
341 424
325 979
848 441
406 380
578 197
338 606
515 35
433 434
300 678
725 131
419 864
278 149
435 567
362 266
456 715
461 485
940 613
353 69
157 845
983 705
852 416
418 667
454 325
681 263
719 251
442 277
903 384
80 906
984 720
310 260
809 491
258 355
921 161
336 911
667 965
267 692
358 48
784 167
770 454
650 560
558 409
747 288
803 18
606 613
992 457
997 808
246 659
398 866
113 605
718 210
405 835
23 756
218 151
909 755
128 40
241 896
834 582
447 23
731 242
695 343
38 638
55 564
295 101
632 365
885 837
879 531
526 675
907 612
177 910
347 378
983 859
132 390
775 428
63 110
545 507
73 92
412 182
855 130
809 473
56 152
240 405
663 274
574 894
920 833
691 574
251 119
893 664
899 717
691 687
956 537
761 695
192 758
781 610
855 593
87 715
758 969
773 974
262 354
652 657
883 414
49 940
156 960
213 145
51 42
344 32
880 434
151 223
173 515
943 553
200 810
130 342
166 440
244 936
814 500
268 488
313 525
259 247
244 991
966 98
93 206
115 554
689 975
373 366
187 887
433 244
221 170
59 179
187 486
707 767
410 267
619 27
163 113
2 977
311 89
115 840
921 189
617 526
451 330
662 827
24 312
810 955
889 994
395 435
414 493
805 740
298 586
813 153
873 438
819 824
641 40
698 171
229 442
789 721
812 87
428 328
812 864
722 356
877 520
725 65
522 95
816 880
856 829
229 773
836 371
693 150
642 724
627 398
314 238
385 677
651 654
628 121
513 673
18 257
416 881
304 824
96 693
136 204
209 490
636 55
284 476
549 600
820 686
750 59
623 299
274 38
846 590
207 708
959 853
427 460
568 190
811 910
94 334
41 322
792 518
243 804
799 913
726 915
998 916
329 479
683 940
430 319
861 617
994 74
782 899
711 873
148 859
896 877
75 922
774 898
520 893
373 209
102 734
321 574
378 697
150 27
5 780
582 126
322 896
220 219
131 698
996 788
444 403
106 222
658 697
486 644
220 74
202 717
611 619
484 471
141 87
999 496
344 157
897 896
366 983
538 914
352 161
23 606
832 830
805 664
720 636
997 864
431 782
603 297
685 159
642 999
462 324
580 47
343 195
146 637
54 146
424 871
652 48
263 386
730 847
750 266
388 849
925 150
990 462
877 893
532 40
256 483
773 322
494 199
554 307
811 416
170 56
468 709
694 639
626 97
151 468
632 754
798 713
655 64
203 1
352 279
8 49
246 481
448 424
545 894
503 498
769 886
386 658
298 422
538 699
28 195
302 294
715 59
239 969
204 572
144 863
454 444
783 31
373 4
88 140
913 941
735 874
403 895
79 982
207 141
762 212
822 634
804 465
273 415
221 97
937 540
656 216
127 843
714 406
900 570
957 542
555 934
657 320
837 457
751 407
383 563
382 504
720 600
902 270
261 414
432 696
253 500
842 691
594 464
907 501
447 52
76 18
896 66
328 644
147 328
189 733
501 859
617 2
670 20
630 776
226 578
775 331
871 738
406 952
242 216
431 358
792 416
639 776
948 35
271 318
902 950
463 550
209 579
763 100
907 782
783 147
915 267
387 162
669 776
47 148
430 260
783 256
922 215
331 321
28 295
51 126
895 833
697 560
554 875
520 215
978 911
48 930
257 636
340 471
870 90
92 688
908 745
81 673
746 988
357 564
448 880
50 156
932 2
789 391
499 351
207 22
932 469
266 964
339 134
931 970
895 389
842 275
590 589
723 108
734 687
306 596
879 625
534 20
976 688
791 447
353 663
138 365
33 529
909 528
3 605
968 35
676 892
772 883
720 580
662 315
186 480
684 423
730 741
269 151
231 624
660 200
627 151
55 646
854 942
77 74
519 119
189 880
704 668
674 256
380 29
314 511
707 124
63 970
671 473
252 71
398 343
932 779
518 68
702 417
1 828
856 977
328 278
419 809
204 49
422 504
898 368
852 645
925 463
91 993
937 385
369 199
977 896
764 456
986 894
956 538
61 890
706 113
299 557
17 508
645 242
26 578
338 688
35 656
607 32
771 378
492 392
260 807
706 352
553 508
40 201
496 315
593 995
406 392
799 611
378 819
866 988
338 357
230 351
140 179
884 744
611 912
995 561
687 335
748 303
491 798
629 92
23 855
70 342
589 766
291 7
438 170
809 454
851 63
724 823
893 840
803 160
70 481
970 723
882 292
991 891
686 239
470 129
453 392
37 841
581 908
693 578
659 718
437 132
598 794
96 266
337 112
330 130
727 295
604 210
682 612
794 630
264 725
686 568
92 758
836 493
677 943
949 138
593 208
828 793
959 481
835 47
831 59
190 177
372 828
659 138
436 17
644 478
517 872
928 486
85 310
810 117
938 78
716 69
393 371
583 872
895 682
131 451
60 491
846 766
479 499
745 751
448 333
726 912
123 333
164 409
614 913
761 451
670 699
529 325
14 447
697 767
259 52
882 237
151 226
711 200
340 41
734 409
537 963
573 5
792 852
101 772
339 33
856 7
468 213
454 480
771 62
629 286
645 537
978 742
597 880
121 47
254 333
793 651
430 248
602 841
897 741
680 243
202 379
844 830
224 159
610 444
590 645
183 113
968 413
144 335
729 567
794 313
279 691
709 170
965 304
733 820
241 606
497 564
650 344
543 23
569 616
508 172
751 336
76 616
433 161
802 254
877 602
215 23
362 569
494 90
760 876
618 374
765 485
914 764
719 435
404 309
820 893
418 473
536 172
800 737
88 563
307 979
982 68
809 629
755 465
494 295
21 925
226 641
43 829
138 603
772 286
276 717
265 340
618 970
268 621
416 984
327 18
652 715
209 759
653 670
356 610
32 168
195 932
221 259
71 9
532 621
57 587
302 556
354 31
961 237
725 124
174 754
970 679
347 926
494 867
98 24
853 408
987 922
382 960
558 967
740 443
790 705
919 114
26 207
338 301
607 431
596 92
961 553
451 487
420 298
598 785
264 227
386 756
149 997
362 1000
977 317
524 134
817 148
470 635
245 575
72 93
435 973
534 363
367 14
333 170
582 551
931 365
181 342
76 396
846 88
519 18
152 68
501 937
708 89
765 24
894 356
826 140
132 541
24 190
228 166
153 685
530 760
215 936
697 153
971 534
388 822
941 606
191 131
556 568
216 597
739 899
522 999
975 771
821 169
56 109
464 754
47 945
234 900
41 29
458 272
645 12
406 528
377 672
674 524
753 13
656 675
558 662
463 982
501 271
305 540
100 568
365 464
611 8
523 846
585 677
415 736
880 487
938 715
10 906
62 579
835 833
567 738
952 611
700 449
793 545
978 543
151 411
212 155
31 929
213 590
732 594
805 138
371 506
64 228
157 843
748 452
486 731
951 353
2 88
921 310
174 873
889 234
173 225
433 124
197 235
607 528
790 16
205 720
305 186
258 227
277 52
500 803
965 359
436 587
353 519
870 44
746 86
712 986
163 770
636 268
296 23
115 61
632 145
63 805
981 301
620 722
160 919
144 940
849 240
465 239
72 343
536 454
419 714
186 707
707 127
211 876
674 108
223 449
869 479
865 332
843 764
113 927
76 229
795 625
192 554
446 499
712 485
678 782
863 262
705 315
517 896
170 497
284 105
804 880
397 262
768 422
130 899
960 606
541 143
928 60
485 777
821 943
680 589
933 805
865 727
134 894
875 474
584 797
308 645
773 861
932 246
778 933
467 284
456 523
394 485
402 465
296 84
979 441
766 531
415 341
829 199
61 317
870 573
138 824
853 705
931 651
624 151
608 524
940 587
387 349
425 530
504 245
418 701
59 181
249 848
575 239
625 837
862 691
394 427
918 225
776 666
727 595
124 516
231 800
434 514
326 636
183 157
793 121
244 413
103 362
931 199
950 161
254 786
291 356
884 173
298 584
427 868
894 450
146 900
937 919
521 720
793 155
885 517
569 700
350 670
684 27
924 554
323 397
836 494
858 290
552 957
458 660
20 243
459 437
557 436
280 352
156 499
928 412
910 540
158 257
660 963
437 470
9 923
927 727
699 668
955 758
601 926
109 79
751 864
644 366
706 506
39 356
851 950
263 860
270 8
860 824
593 659
687 153
929 753
344 399
536 525
707 620
653 714
286 909
838 718
730 463
549 777
880 464
493 611
903 774
904 928
924 291
763 269
939 353
108 190
473 975
935 937
615 649
528 651
986 663
236 282
610 11
961 979
817 909
184 884
939 900
842 477
121 159
503 989
876 345
137 515
291 85
129 274
738 278
956 321
870 827
211 394
430 872
315 299
323 769
386 274
966 761
415 141
591 793
115 215
814 829
180 921
336 375
634 936
357 15
453 928
702 653
337 83
160 564
171 725
237 954
384 908
39 196
24 163
470 192
238 92
152 263
336 36
157 410
727 40
985 697
693 232
496 950
270 347
761 466
1 83
954 644
851 884
636 486
801 31
164 841
492 302
475 536
223 174
5 103
878 398
186 844
555 619
541 198
781 599
327 13
4 133
522 693
597 223
182 927
833 57
584 853
770 522
148 906
19 514
403 931
170 634
689 730
563 193
286 811
867 343
101 807
836 686
49 724
623 882
239 681
371 481
308 770
148 607
45 945
654 629
107 376
235 335
842 253
310 319
771 827
409 30
83 243
763 853
15 798
568 869
703 573
718 475
959 362
954 928
817 58
842 479
571 247
6 838
176 267
396 530
681 996
784 491
803 758
897 140
439 541
816 988
929 275
186 300
974 317
632 340
446 250
471 285
807 231
901 366
116 604
65 966
284 352
178 735
802 485
751 954
250 109
785 199
4 766
354 367
816 536
283 996
235 560
388 861
611 301
214 166
769 807
403 737
758 228
799 760
711 28
545 489
944 773
965 657
712 540
141 124
498 237
291 958
314 517
166 482
424 221
922 836
889 399
407 780
211 247
302 34
733 262
473 688
420 105
315 149
763 531
992 895
710 92
81 374
206 297
26 83
357 899
733 801
358 164
984 723
842 273
439 189
187 76
196 406
97 319
116 77
48 229
432 4
314 40
522 545
159 320
417 289
163 773
404 25
595 774
607 459
318 739
869 347
361 156
860 354
937 971
811 814
851 609
345 432
896 32
793 472
722 270
525 817
431 550
610 278
768 234
608 489
59 4
518 58
249 723
435 767
365 111
789 765
152 750
545 105
679 34
661 563
241 50
204 130
868 233
811 478
65 204
925 382
929 891
14 135
949 360
893 677
407 364
355 135
1 917
648 775
795 783
249 377
784 540
674 640
863 180
387 17
852 827
84 173
675 962
434 108
364 237
683 611
729 289
252 858
862 7
442 466
192 181
451 640
808 95
183 841
404 522
127 477
796 544
323 602
128 604
123 400
774 711
780 108
430 845
724 942
880 960
280 822
318 978
345 976
396 756
477 511
106 389
564 957
604 398
896 383
348 332
976 557
149 141
723 360
318 524
871 864
964 6
124 747
819 829
510 585
167 793
654 826
335 743
798 133
103 587
751 175
823 882
293 963
292 746
56 289
332 190
981 551
910 541
747 845
919 849
5 241
284 424
955 777
575 32
152 714
195 684
14 240
252 331
218 343
40 619
293 263
739 811
665 908
226 874
8 393
566 604
382 712
53 552
221 598
776 29
26 420
672 94
344 63
736 769
996 445
700 676
916 857
166 328
75 860
898 919
887 318
657 159
221 376
519 817
939 729
841 347
168 11
13 104
745 759
396 205
636 724
503 815
343 954
236 682
594 532
900 619
595 277
26 24
457 92
818 204
654 414
287 147
240 572
763 840
819 714
859 962
210 428
361 425
15 938
642 192
867 839
337 176
873 262
357 189
323 997
418 19
951 255
252 841
885 631
851 315
944 119
26 347
708 103
157 231
52 451
487 780
969 358
755 4
900 759
152 409
794 584
299 26
691 812
565 779
238 93
898 698
792 169
262 829
726 502
157 9
12 780
608 401
203 855
117 773
229 225
692 305
893 496
610 646
786 861
290 908
517 219
800 961
708 586
394 702
843 997
865 685
203 2
131 289
369 798
592 811
189 235
599 416
88 962
318 388
199 982
402 372
540 50
875 421
734 488
909 181
894 788
204 575
45 637
307 318
678 275
90 47
222 175
611 902
83 295
5 251
404 595
97 199
927 753
643 86
918 76
939 995
652 152
283 583
983 686
396 350
328 380
898 99
154 216
391 213
323 675
738 426
742 482
763 965
286 324
491 518
168 547
870 6
654 775
966 629
167 848
137 645
836 1
548 413
950 25
972 577
189 873
744 480
485 206
638 796
487 816
466 58
228 160
929 131
103 736
234 593
734 878
94 713
523 311
49 240
379 165
397 574
635 852
797 61
639 932
821 183
199 263
311 969
521 171
759 463
136 135
415 831
60 574
619 713
412 483
786 208
613 840
113 172
356 512
51 210
550 8
98 75
498 753
155 48
400 185
944 774
190 538
728 157
142 473
420 27
519 311
351 557
586 470
974 529
741 778
746 656
658 986
914 624
61 505
391 168
249 777
784 12
19 989
701 713
261 844
633 243
651 508
173 112
548 76
89 865
993 779
760 234
158 879
48 783
287 905
978 240
172 63
764 545
784 441
873 481
745 148
263 289
410 759
431 963
323 74
478 334
3 892
578 556
336 463
979 535
435 183
452 509
94 794
3 909
484 46
617 792
199 453
695 448
73 881
34 892
60 781
77 937
590 902
638 538
198 647
15 471
931 164
935 38
907 69
811 92
423 786
209 386
527 424
212 777
985 869
234 855
481 294
20 430
848 231
907 990
401 193
95 59
977 534
545 842
307 43
914 1
829 370
387 131
809 989
192 889
778 976
87 692
742 7
351 867
615 534
730 556
514 605
50 462
202 17
49 642
891 647
179 771
540 7
231 239
657 476
450 283
166 995
81 642
776 446
909 254
88 502
234 482
864 343
168 334
685 279
338 130
713 86
610 310
404 873
704 319
244 104
700 273
504 469
712 794
846 325
205 323
104 618
271 616
886 76
862 979
77 265
996 545
577 833
172 35
390 110
121 573
966 957
547 825
742 148
524 479
67 412
780 563
309 26
426 293
64 858
29 968
161 176
560 410
523 238
391 630
711 637
454 472
661 372
403 92
425 500
86 997
845 328
541 79
797 229
48 556
605 956
536 881
97 653
901 71
66 128
604 640
934 17
601 727
847 318
21 856
209 648
844 486
661 808
810 146
633 525
14 386
715 19
737 575
523 904
601 88
531 389
273 149
370 915
848 527
478 350
886 75
294 243
410 38
644 719
947 245
641 930
274 633
408 571
960 120
212 221
766 668
876 196
126 319
54 520
71 618
75 623
866 878
461 522
153 233
460 931
304 331
712 600
22 453
443 112
245 260
136 840
422 782
738 391
866 688
23 997
119 880
45 109
534 467
183 227
629 863
650 756
814 835
174 191
799 21
571 258
234 201
107 589
205 504
542 969
689 427
732 463
384 31
834 539
979 606
307 649
436 803
241 445
497 779
719 608
817 472
160 933
432 954
459 339
24 212
977 146
599 127
525 888
986 96
146 283
975 808
815 583
800 740
638 594
622 183
678 709
592 902
62 110
431 319
469 104
109 49
535 949
807 944
169 868
422 150
863 337
709 866
670 504
640 699
92 868
695 863
105 811
235 884
471 812
535 667
939 550
941 29
814 981
862 162
990 119
222 29
259 21
614 771
960 422
923 42
585 543
602 615
398 616
718 797
994 221
633 779
460 737
121 95
247 747
59 273
461 605
779 568
546 773
818 30
925 794
585 889
801 788
76 642
334 260
101 519
192 365
818 241
881 597
352 99
315 105
686 72
548 41
823 241
303 176
718 473
519 728
701 533
443 269
180 955
953 584
907 11
401 72
989 395
157 345
929 416
656 664
438 290
974 400
389 358
765 21
117 662
570 37
733 567
789 773
95 514
891 483
817 452
662 566
470 226
921 788
366 51
811 226
449 293
910 730
262 892
924 818
857 465
660 884
487 926
789 584
556 709
939 215
48 124
63 343
847 301
217 35
551 450
455 41
919 638
669 915
880 316
971 87
238 954
428 371
957 152
982 309
804 573
715 74
128 59
576 948
577 109
406 369
796 230
251 426
895 845
164 291
443 764
925 518
31 541
917 988
922 834
409 301
871 293
561 244
175 274
178 466
382 882
573 187
376 526
379 984
430 196
72 928
6 631
44 446
406 189
31 192
303 559
141 384
605 589
504 415
111 630
383 440
429 961
154 829
400 661
512 566
140 719
698 801
572 714
918 826
671 22
711 997
402 565
756 398
651 42
108 843
324 274
966 993
694 966
20 107
439 611
392 498
408 708
181 216
3 908
836 260
252 67
234 690
346 8
937 747
475 676
116 690
8 729
111 377
599 148
285 812
462 522
324 982
240 281
864 675
369 251
617 429
47 854
13 610
30 512
910 343
685 732
367 705
351 76
561 982
772 96
421 30
309 887
743 719
378 93
30 802
288 333
199 921
792 717
304 755
801 513
160 375
752 241
400 166
662 706
455 704
131 22
204 576
620 56
895 246
840 598
882 10
745 793
231 238
362 363
899 426
495 597
277 258
945 344
642 472
606 921
771 228
315 859
278 916
945 169
124 912
571 339
864 455
824 202
511 428
331 826
941 61
83 173
875 825
131 611
885 480
499 93
91 359
664 973
183 271
223 866
22 55
465 46
928 834
767 605
825 702
922 65
86 63
797 672
335 737
484 237
320 633
677 986
548 470
39 432
4 628
846 151
314 300
956 366
29 159
88 521
762 583
741 84
392 381
263 554
301 755
878 151
226 518
208 5
794 788
389 80
527 286
450 94
270 237
583 695
274 144
830 485
373 513
118 395
100 130
599 184
144 684
262 49
847 866
276 565
579 288
886 907
126 785
316 857
317 496
778 610
891 983
854 217
962 91
222 407
692 147
94 109
921 695
683 560
903 771
890 20
619 958
32 878
141 4
714 838
933 56
791 974
179 798
587 173
527 609
552 147
145 739
199 560
761 3
338 212
325 150
22 474
315 76
317 662
675 316
785 428
110 643
908 696
59 67
691 312
429 461
854 196
839 646
409 801
618 193
220 92
397 363
432 206
897 52
220 357
665 16
115 73
333 130
775 47
353 588
730 566
641 15
719 367
929 372
509 818
371 785
890 803
323 146
398 352
590 244
519 200
601 733
431 728
488 482
821 32
492 410
493 111
705 527
812 741
909 290
659 170
623 229
381 730
39 436
151 606
924 862
322 232
51 474
126 930
695 809
274 7
368 374
138 726
69 706
839 482
877 43
970 415
496 10
136 459
190 770
62 481
507 906
878 751
167 786
147 717
62 472
212 429
722 199
658 67
435 198
936 289
981 351
527 935
342 683
787 522
921 572
870 617
382 898
838 459
969 264
899 85
991 763
376 396
502 476
1 415
831 999
558 165
378 585
86 731
275 857
975 4
387 551
563 702
969 251
132 965
519 731
225 347
33 520
604 449
92 237
519 360
461 992
63 956
451 150
324 424
589 484
382 354
958 683
499 130
449 617
525 552
485 123
140 522
823 775
368 839
226 332
992 257
977 467
299 235
561 796
599 828
621 932
343 226
45 633
388 931
156 391
138 182
836 289
402 771
647 379
12 818
825 65
333 746
579 238
392 132
673 117
678 742
179 589
368 259
129 763
973 474
510 762
949 273
949 35
277 952
846 651
751 107
32 89
930 638
553 745
792 579
226 899
905 292
140 471
514 708
61 51
464 931
563 177
360 724
951 558
787 953
912 361
863 226
757 875
278 316
615 637
377 119
106 607
680 770
727 888
213 491
957 490
939 803
784 864
913 908
254 318
663 56
297 487
61 390
11 689
139 452
280 686
351 323
361 325
107 345
789 499
774 617
749 827
633 354
500 815
225 144
379 662
125 390
396 674
770 371
730 120
560 771
813 175
764 547
779 675
214 580
768 848
55 364
235 324
996 414
263 291
206 354
984 786
822 54
271 820
38 737
862 791
543 376
251 702
437 77
388 903
831 189
263 449
357 294
986 438
385 595
150 989
142 861
227 151
155 722
416 38
667 982
844 58
95 916
484 669
584 547
289 409
526 479
938 998
356 455
118 334
504 718
564 92
810 188
403 766
759 243
317 92
874 779
526 144
674 671
217 216
74 371
572 470
499 962
446 362
64 165
247 908
238 689
100 807
362 473
126 438
472 313
473 608
201 89
39 785
706 526
66 657
84 534
737 876
221 51
582 20
585 816
97 126
426 860
547 332
345 932
977 616
849 532
426 751
408 366
62 959
780 254
512 612
270 916
568 800
953 534
736 130
590 733
188 625
564 952
984 976
846 506
902 312
940 907
7 92
871 925
766 141
826 110
864 149
662 472
812 77
444 969
557 12
821 297
345 608
197 527
932 630
627 118
241 407
8 624
831 320
111 190
635 560
11 104
548 693
769 672
517 962
829 976
8 686
6 329
869 511
742 583
726 344
854 397
916 922
554 345
437 323
76 5
631 341
722 531
621 287
126 903
930 452
34 753
436 141
75 455
259 652
134 572
82 773
247 221
543 912
88 890
485 728
886 828
736 796
104 484
839 398
592 329
331 191
613 557
190 758
583 901
252 923
770 546
204 526
524 629
317 209
874 766
156 849
433 508
586 266
170 533
743 464
211 195
88 182
931 730
491 211
918 308
630 66
836 709
175 469
657 446
590 214
325 88
406 491
383 93
746 726
434 704
609 182
519 609
562 196
68 269
750 865
255 429
533 965
651 262
194 679
102 100
651 937
750 976
54 987
291 439
315 301
813 102
599 565
512 767
694 235
966 524
820 992
923 859
263 218
43 372
940 254
210 479
160 584
508 24
909 54
756 374
974 293
635 623
942 113
24 214
43 18
708 768
341 857
198 690
18 460
660 995
464 380
854 425
30 703
337 804
844 215
76 41
778 293
985 351
436 353
829 726
152 600
144 536
731 764
770 740
659 319
863 491
494 522
167 416
479 466
926 903
460 867
27 98
74 395
772 200
74 890
798 993
429 987
639 342
92 571
623 894
810 569
921 329
458 734
390 601
191 994
654 462
359 124
714 93
715 748
619 72
509 288
733 409
619 773
909 917
34 433
343 697
133 14
755 681
196 307
974 837
576 308
119 854
524 44
953 590
84 634
712 615
723 159
609 301
292 591
96 344
849 382
906 975
101 217
190 26
750 718
608 227
220 122
2 548
812 21
685 801
10 107
531 583
548 495
785 971
916 11
834 748
321 455
4 732
78 485
831 233
834 799
730 988
747 790
180 657
250 788
185 481
631 364
116 719
826 514
935 164
511 562
517 171
901 12
178 573
308 392
62 208
248 841
565 288
769 827
238 952
352 999
297 42
868 471
688 693
981 16
360 582
290 881
900 490
350 33
501 187
356 658
198 245
973 423
41 190
204 606
874 566
340 110
362 482
519 890
188 42
649 520
11 547
620 101
736 554
878 853
84 434
476 237
814 189
866 540
728 958
603 826
585 795
698 602
201 2
700 60
207 28
62 817
638 272
639 57
970 854
185 758
348 70
679 898
328 652
79 214
465 294
418 884
805 632
275 997
385 101
3 562
579 954
586 873
71 995
881 789
44 109
11 124
21 427
924 684
83 634
2 716
949 783
306 771
401 745
475 920
918 538
81 1
963 127
877 541
659 406
287 569
642 600
95 608
958 377
59 566
579 431
284 721
218 93
290 382
76 147
61 545
137 17
640 424
426 493
40 740
57 202
796 299
779 35
864 677
973 509
706 216
13 608
110 432
955 975
540 855
248 869
430 705
249 396
87 704
218 401
761 553
958 333
625 185
374 20
529 339
692 185
161 567
491 456
421 745
403 622
334 902
322 610
435 257
322 661
969 374
435 430
576 176
305 878
785 164
749 619
723 816
973 794
127 249
603 774
514 237
438 636
993 74
978 286
10 540
942 125
727 761
750 842
235 267
698 993
240 611
500 925
687 427
547 220
549 438
399 563
425 871
257 30
684 355
598 973
968 502
196 108
168 766
278 615
265 974
436 731
698 178
845 769
148 87
419 955
372 501
524 474
16 324
285 458
663 199
290 416
186 313
835 276
100 479
85 621
12 661
15 278
863 562
648 673
556 986
578 702
734 805
293 545
170 188
685 523
299 464
378 443
584 354
879 112
990 578
37 261
26 799
252 74
734 583
471 551
19 158
791 516
272 8
285 959
269 282
821 797
290 983
739 188
772 571
619 658
144 588
127 395
753 968
458 164
729 103
438 733
938 765
245 205
654 209
676 393
344 178
829 117
814 283
909 61
433 332
72 540
469 518
645 515
939 874
802 270
89 531
940 548
351 759
490 41
755 607
992 827
741 976
72 841
418 845
900 885
23 998
879 961
605 82
609 407
3 522
336 733
211 751
874 85
961 525
275 650
189 976
667 672
563 881
985 881
896 206
458 979
20 958
827 294
756 448
663 916
685 828
907 462
755 476
345 579
931 452
843 320
350 748
473 295
935 389
495 370
423 241
890 656
673 254
569 445
247 8
940 428
380 289
473 449
807 988
65 799
851 1000
835 303
89 145
15 185
610 629
540 872
373 713
65 136
448 304
655 73
456 795
532 388
111 711
482 83
799 882
781 419
838 668
687 447
701 140
353 486
226 108
959 596
231 509
929 513
930 826
326 467
582 291
130 358
848 607
674 960
944 798
924 284
801 719
36 844
218 875
917 965
495 681
83 299
577 3
913 934
75 959
836 694
944 636
247 661
162 537
804 472
48 156
169 683
889 208
317 583
410 219
838 235
841 85
222 604
162 763
119 849
139 9
492 933
806 59
310 82
231 672
746 124
709 136
33 767
713 333
328 941
774 316
978 155
907 413
293 822
843 742
901 695
663 952
279 947
232 152
397 856
713 431
72 289
327 539
850 752
707 137
449 649
46 789
473 259
256 343
384 796
270 868
408 25
596 919
440 736
729 932
542 85
854 347
712 352
930 299
569 473
939 187
359 490
464 345
468 625
216 458
358 773
750 11
255 939
275 211
5 70
333 633
228 273
752 411
580 252
535 986
576 745
761 675
762 716
563 405
122 879
319 523
514 851
274 504
937 328
208 636
407 180
389 985
45 338
743 565
598 280
122 65
654 30
4 311
297 203
240 919
622 637
491 13
457 397
387 470
524 653
314 753
796 985
32 630
14 306
988 369
24 518
281 339
387 756
672 582
196 268
934 762
993 158
79 209
762 469
193 854
675 502
948 930
272 323
491 585
76 889
847 678
331 992
600 407
49 183
712 881
270 809
162 398
897 961
132 842
522 510
499 243
119 682
559 569
968 778
937 957
404 38
480 644
745 152
671 160
86 640
267 806
710 590
91 58
572 555
738 799
817 882
315 562
821 429
648 646
441 904
85 569
988 690
660 53
773 370
904 511
133 979
898 678
85 426
583 607
695 589
899 676
94 568
242 44
795 631
116 670
688 485
47 994
165 339
739 818
223 237
260 121
118 477
692 100
964 641
939 325
795 741
1000 693
600 954
587 471
435 98
570 747
809 849
517 416
703 437
505 234
964 935
568 392
880 426
93 435
826 960
558 551
635 432
925 524
586 276
198 214
312 565
117 430
45 879
340 387
473 614
538 450
186 615
597 869
965 769
127 42
149 724
524 768
987 746
490 221
681 363
23 876
228 706
779 722
602 175
92 433
295 620
741 524
558 82
681 396
391 25
72 189
791 472
794 300
301 812
709 191
215 298
220 412
404 75
867 959
483 754
48 21
855 378
452 319
570 390
497 524
258 528
975 653
155 673
470 847
660 235
404 425
561 858
546 238
806 516
94 762
539 923
940 314
601 710
637 128
473 379
68 540
311 924
133 88
544 721
392 94
907 609
329 741
460 309
137 238
783 163
7 734
807 793
598 102
680 559
473 823
535 627
661 820
213 189
913 159
550 84
918 165
499 928
80 526
966 164
571 692
258 255
331 415
515 925
809 248
968 747
762 184
836 711
140 78
378 705
936 245
810 722
885 62
410 196
853 592
231 924
69 65
76 931
538 248
900 999
391 236
219 892
603 914
767 143
703 333
974 879
619 396
861 455
609 406
348 190
900 773
140 295
941 431
353 408
408 37
283 781
72 40
571 38
802 792
684 471
686 381
500 656
858 494
90 916
896 207
864 179
662 506
104 872
640 196
346 173
237 299
422 718
709 796
506 567
927 915
986 509
414 866
519 197
816 788
826 469
275 73
726 378
108 581
548 826
20 499
943 419
523 492
48 972
412 101
290 905
40 588
384 601
782 218
591 344
350 184
415 612
326 321
458 217
506 217
268 330
659 533
870 417
364 163
57 701
460 654
136 300
778 871
801 718
107 195
549 952
75 801
224 485
131 83
919 26
830 595
989 562
136 699
211 225
880 208
628 534
17 957
321 530
697 879
131 881
940 521
232 846
672 571
486 71
452 947
415 73
440 795
103 202
289 522
850 821
93 976
550 78
738 423
352 214
797 978
465 329
908 333
736 76
720 705
827 103
920 259
685 125
582 399
985 554
6 10
992 405
344 641
725 994
135 493
211 635
660 316
186 304
150 746
512 507
472 680
254 526
437 118
261 184
214 136
163 730
483 377
156 305
998 520
2 403
256 455
510 886
708 443
906 257
534 540
485 572
887 585
289 257
290 570
701 975
260 390
190 963
265 488
843 823
990 682
995 240
27 290
853 242
156 70
839 451
217 80
952 157
78 935
486 596
625 204
648 5
607 350
578 218
193 376
348 540
682 300
353 370
874 564
152 340
819 355
176 612
999 876
73 252
550 382
827 967
260 760
227 615
357 572
481 879
537 734
311 223
760 273
214 782
382 80
495 787
941 213
301 182
824 925
914 783
846 370
866 628
896 361
736 104
275 596
443 410
908 27
394 74
85 511
664 868
714 990
600 157
823 868
539 640
704 660
941 665
564 628
690 923
460 207
533 447
333 425
264 688
492 590
864 601
574 660
481 827
423 184
150 976
919 30
449 261
603 164
75 335
223 351
485 592
124 240
186 927
961 275
393 351
52 964
972 181
689 802
565 135
83 934
229 684
855 616
796 122
84 324
526 151
675 891
124 540
114 623
649 840
696 142
875 352
491 91
109 936
365 574
682 256
723 980
154 345
796 792
981 276
928 8
731 885
805 198
893 890
667 237
771 905
269 256
804 386
435 545
130 113
149 723
560 742
577 280
175 419
961 746
157 729
339 170
305 78
389 924
197 200
400 870
628 364
519 655
685 163
980 529
953 539
36 345
758 618
262 271
210 212
229 328
528 241
124 626
50 621
380 740
188 470
129 90
607 787
441 344
848 788
667 710
372 320
600 739
432 181
586 538
298 706
371 904
589 314
275 334
556 69
262 952
868 530
16 722
698 402
916 461
829 892
668 574
25 548
251 311
587 950
474 165
60 814
540 608
734 954
699 661
316 631
310 214
262 112
324 492
551 49
40 593
817 239
223 192
423 898
246 355
708 604
22 688
316 853
999 752
543 802
752 307
739 15
98 157
995 921
691 432
268 679
933 83
184 430
425 964
407 108
537 971
899 236
757 800
960 462
435 301
410 35
13 70
676 282
472 280
952 546
735 889
810 576
387 273
784 939
378 718
700 119
696 316
991 528
690 61
92 487
118 567
728 743
90 704
719 43
617 721
64 767
357 854
653 361
12 375
250 742
952 587
20 858
538 923
867 845
197 974
254 817
515 489
759 780
940 106
128 122
519 38
868 644
81 62
137 764
836 442
820 551
713 433
627 87
349 805
150 702
445 550
691 818
871 608
638 885
845 5
884 683
639 292
885 772
281 686
854 317
416 131
826 466
722 611
996 6
29 201
639 910
216 496
868 967
588 376
695 692
366 378
919 736
796 365
65 534
213 397
421 240
497 330
226 776
961 475
464 669
929 805
734 688
311 641
117 722
506 91
553 258
667 262
354 23
905 413
84 380
473 196
550 113
754 532
779 849
908 955
351 567
796 832
999 843
400 908
837 236
235 38
473 605
457 96
439 432
779 575
286 541
767 111
866 783
831 995
46 125
379 928
839 576
76 914
372 107
374 905
508 723
969 255
978 119
898 929
465 328
619 363
620 960
822 268
642 190
864 114
223 785
149 94
850 61
471 852
335 903
311 48
586 963
932 683
737 341
367 22
719 813
176 227
225 183
58 139
685 798
392 475
521 633
641 152
789 768
39 225
212 577
650 70
428 646
214 137
324 729
769 380
733 675
26 947
869 419
564 439
54 401
479 140
25 653
263 767
584 700
401 278
682 233
714 710
53 328
38 20
169 843
186 875
230 876
144 519
911 977
401 104
386 732
597 252
49 958
843 20
204 970
965 521
864 420
574 279
957 117
390 798
338 487
653 924
269 279
605 419
495 719
98 423
654 318
359 12
966 124
624 99
163 353
202 473
476 232
353 83
192 759
620 247
549 189
93 17
790 185
25 497
278 909
192 334
728 816
760 26
453 377
201 144
68 320
710 787
681 559
206 210
633 358
229 339
620 548
767 983
202 925
974 215
353 543
907 42
31 370
931 160
721 788
224 812
237 670
688 91
500 713
12 541
140 554
968 187
241 495
647 437
405 954
501 917
125 853
769 303
176 53
833 525
561 542
156 278
85 424
947 517
317 261
582 967
471 540
458 429
962 77
356 460
393 350
223 124
117 537
969 904
731 569
271 394
388 342
193 170
771 661
610 797
187 564
294 872
338 568
9 744
820 629
456 563
539 136
340 397
515 931
187 274
244 801
351 527
338 346
410 127
321 552
776 184
144 997
71 636
878 884
292 127
278 62
872 311
16 105
129 270
457 137
511 474
477 214
805 104
430 852
343 653
760 157
488 928
452 27
749 795
733 182
571 199
537 475
297 882
742 428
634 557
232 421
819 917
452 170
533 143
433 302
443 441
45 293
289 787
181 357
642 793
900 281
159 434
471 508
682 621
738 801
225 559
335 669
998 503
121 801
569 309
256 354
296 994
186 751
243 498
190 303
142 658
769 676
938 277
649 350
561 570
34 666
471 691
735 390
781 730
928 370
195 661
950 519
187 773
591 787
333 575
798 731
839 501
753 124
48 13
407 137
908 690
53 561
912 241
681 137
147 549
294 660
227 371
981 326
397 149
326 5
843 173
828 223
26 6
683 580
983 419
317 862
31 976
463 495
629 485
574 446
32 577
274 400
386 200
903 429
106 181
69 79
936 134
389 476
277 146
997 547
619 497
395 235
487 321
839 748
812 713
990 622
497 705
23 995
617 720
432 736
953 566
182 128
720 743
21 631
776 781
48 164
676 814
382 331
510 412
901 975
827 895
798 345
992 378
956 345
266 473
198 916
343 213
203 622
632 320
480 573
863 302
318 269
247 377
854 707
638 890
219 472
458 688
403 17
663 887
704 844
134 355
643 656
284 276
324 629
436 79
328 624
440 10
369 420
134 498
468 600
506 279
167 382
830 394
265 498
947 746
839 328
860 869
632 713
972 111
296 472
955 923
5 496
798 567
782 216
274 403
204 848
460 426
133 348
431 27
144 939
986 942
756 637
958 60
687 970
374 83
857 955
655 360
952 993
662 540
809 56
113 411
22 959
23 466
170 610
620 494
912 319
325 774
112 221
259 168
232 914
108 375
790 291
356 238
889 100
27 821
970 764
633 111
740 821
173 244
784 39
343 708
793 799
491 622
167 619
387 955
374 825
898 341
621 893
436 751
625 942
153 267
154 628
985 850
267 831
470 794
932 571
536 324
148 10
799 950
823 247
794 516
138 32
712 133
234 457
698 472
366 74
601 659
357 269
52 349
293 533
61 537
427 211
697 17
973 324
704 967
691 559
803 414
307 822
950 604
132 203
482 272
281 939
726 247
325 678
859 402
631 977
438 713
920 206
976 342
511 909
853 240
394 861
42 564
582 954
243 998
942 574
252 616
202 149
973 648
353 263
31 273
119 550
32 828
400 187
391 855
123 618
930 972
473 527
403 820
960 55
597 846
49 744
412 958
473 696
339 795
780 497
359 156
931 871
328 304
292 171
562 57
75 698
59 17
704 298
63 761
965 221
395 624
992 85
860 299
41 655
813 25
681 959
258 664
231 533
931 163
971 894
608 20
955 313
495 96
902 480
542 237
270 590
860 378
590 23
497 836
190 417
770 889
232 247
927 964
807 306
612 346
833 659
100 438
691 877
375 236
301 649
855 38
39 182
954 725
777 884
427 319
46 801
633 969
555 59
886 523
833 445
118 417
470 482
948 531
78 743
503 366
877 93
952 204
701 495
979 216
908 655
583 783
765 1000
863 47
187 966
44 965
118 242
47 178
583 924
47 296
933 189
995 972
944 842
136 279
691 455
507 550
680 852
768 169
574 304
795 37
944 985
852 178
725 172
874 534
36 903
364 372
274 524
634 118
503 835
281 891
454 269
37 315
75 632
353 126
482 602
158 513
572 23
149 834
651 384
983 623
343 652
348 38
225 277
945 60
146 331
89 838
964 549
974 129
758 616
301 809
195 283
103 413
620 521
343 466
453 638
333 152
335 638
584 170
547 62
567 419
328 1000
276 8
168 881
119 568
656 851
428 323
30 27
367 190
632 293
223 150
787 11
104 926
581 660
396 816
825 930
608 286
811 147
738 913
812 360
265 251
836 358
506 641
786 591
492 428
418 459
169 599
47 932
155 516
7 543
998 726
964 450
802 293
416 232
470 415
868 230
845 321
920 680
226 755
616 23
464 292
462 819
731 358
181 841
40 595
86 319
800 957
234 965
74 702
648 225
902 554
743 664
341 388
612 892
860 928
776 5
406 320
706 474
943 411
431 247
877 355
468 785
899 833
682 339
666 636
724 298
669 631
174 847
362 407
610 145
614 745
357 656
69 300
827 912
295 862
960 127
84 943
639 159
741 843
42 170
410 195
177 212
306 304
699 331
58 689
990 478
684 541
525 459
968 473
698 897
484 474
675 435
270 885
468 896
837 363
646 710
571 83
898 481
154 529
365 570
964 98
784 504
345 726
271 762
328 772
297 931
849 166
637 95
685 152
693 477
521 882
229 440
149 395
8 529
206 852
389 412
262 922
66 315
289 24
401 582
358 276
983 609
155 627
51 514
142 879
694 808
660 1000
316 678
759 370
685 619
892 81
730 116
769 560
811 413
209 451
63 312
94 380
325 705
911 78
492 182
815 418
801 368
415 976
826 119
648 157
813 829
463 964
928 125
503 455
179 53
87 644
757 992
424 460
340 224
657 226
772 802
277 753
559 143
598 355
287 456
222 7
738 126
792 954
460 792
378 881
434 959
71 438
481 120
706 627
322 840
469 663
202 306
701 844
652 144
376 1
379 930
982 863
440 798
790 2
297 687
137 834
743 38
837 45
839 140
774 534
166 955
870 175
693 750
569 944
85 862
659 675
895 195
833 916
353 610
889 528
301 898
871 634
879 437
368 893
208 278
760 803
924 756
449 540
67 93
418 273
845 86
369 357
314 494
722 269
716 709
842 920
973 242
385 585
392 315
837 899
967 980
885 919
217 955
971 366
679 49
293 374
845 265
960 989
851 904
129 962
431 472
593 321
207 641
216 236
913 314
217 85
956 760
887 464
636 848
196 805
490 518
307 68
326 416
183 553
844 293
937 221
698 665
78 981
579 528
748 137
878 636
827 762
535 293
773 752
903 833
464 808
451 798
1 723
718 832
184 727
281 101
832 195
219 557
463 111
948 537
463 28
980 170
875 52
930 305
144 84
239 581
10 613
543 613
357 906
598 728
31 201
912 73
417 621
235 290
388 216
127 784
899 341
314 991
184 151
667 977
123 870
516 746
666 155
393 597
182 361
676 784
769 146
241 643
96 138
189 931
93 66
29 730
569 573
987 346
2 658
186 503
684 410
320 941
7 135
129 797
333 469
225 692
229 132
986 257
206 652
655 969
682 937
384 764
994 903
892 42
985 760
935 222
459 225
156 135
819 913
13 522
142 982
273 869
420 540
38 167
207 756
869 679
7 728
308 361
221 984
649 147
616 218
43 541
85 418
895 921
363 248
1 797
364 87
628 772
41 12
901 151
909 387
342 634
532 670
917 904
847 715
614 706
10 852
857 867
126 440
19 690
434 553
690 133
886 976
70 163
364 388
58 555
562 75
304 423
710 83
41 968
957 746
816 450
743 25
732 814
36 245
111 659
317 764
49 70
210 192
339 71
728 556
457 634
774 361
722 54
281 260
584 171
324 494
396 979
60 435
388 579
530 788
141 865
642 902
717 450
441 63
189 681
81 96
546 234
711 740
267 983
161 72
10 222
295 61
6 432
281 727
265 250
121 912
596 662
87 191
289 236
842 976
945 171
48 597
13 733
436 228
554 323
649 429
152 723
716 940
856 551
821 247
188 676
118 928
985 149
356 482
913 144
967 194
10 132
830 206
423 524
579 970
812 95
485 851
434 295
649 843
837 721
380 547
832 510
904 987
333 799
47 81
433 613
183 529
717 761
386 821
554 790
663 152
102 466
728 93
377 49
252 887
572 214
990 189
153 832
670 979
344 981
775 159
607 444
738 189
575 850
139 258
863 198
571 263
20 519
224 170
847 114
153 98
409 8
567 883
805 938
510 160
824 855
617 726
263 50
414 426
666 211
372 304
680 793
471 188
805 652
898 510
96 178
738 737
337 56
889 635
640 135
50 671
271 709
293 797
510 493
900 262
367 108
975 621
613 262
94 843
919 942
167 901
738 963
760 887
138 157
416 279
750 341
466 334
419 652
354 639
265 22
270 289
787 377
114 415
777 179
869 285
428 725
782 444
161 438
299 320
839 330
363 533
329 645
973 384
955 925
5 510
853 218
549 753
731 754
914 46
164 593
825 377
610 993
717 955
477 78
758 297
388 409
652 766
598 134
907 879
957 324
145 132
769 834
442 718
88 302
990 366
530 113
142 347
576 991
667 392
425 805
409 424
192 40
209 910
193 257
191 778
198 18
273 361
421 305
79 821
406 79
942 365
265 797
966 23
474 881
476 263
850 500
135 916
562 384
211 82
66 723
486 1000
776 581
348 969
315 240
196 277
838 236
788 945
400 786
348 120
352 123
376 113
139 191
126 61
257 40
258 259
548 160
200 14
842 453
606 634
156 162
647 172
842 97
137 547
121 524
785 675
716 913
789 43
677 689
167 843
387 859
427 934
229 30
954 630
162 73
582 853
613 376
32 815
266 507
380 13
971 690
458 835
258 839
372 29
744 376
954 831
25 737
85 401
911 143
308 112
203 874
207 866
150 955
707 426
330 492
200 680
494 493
954 529
739 797
329 334
464 749
473 81
436 323
661 662
630 593
597 264
969 770
934 81
463 987
564 179
123 270
610 884
304 719
106 567
201 857
553 396
809 26
669 574
801 750
567 759
19 665
973 1000
390 940
546 974
818 939
659 794
840 719
236 340
643 44
628 630
205 995
638 395
359 899
490 475
509 365
76 912
83 40
656 48
552 481
101 436
192 496
391 48
162 280
326 527
322 341
457 972
332 712
560 939
395 425
146 556
607 715
563 528
432 62
42 949
439 853
138 977
432 141
106 316
177 315
149 224
885 566
10 166
824 622
417 168
327 613
272 757
756 261
243 362
951 857
458 871
114 197
370 91
926 138
821 496
949 43
751 115
384 765
833 514
544 1000
686 778
526 607
801 108
407 384
104 209
378 272
532 347
682 200
938 94
705 889
282 730
303 225
584 202
558 372
321 993
29 464
782 150
605 881
930 669
571 961
772 104
921 818
928 669
415 568
330 960
352 520
9 749
156 836
69 421
531 368
535 328
517 333
278 284
624 51
832 32
886 407
301 355
382 150
190 380
480 138
945 336
710 80
197 180
418 803
111 658
223 948
439 155
775 797
182 696
525 310
908 386
612 804
477 501
650 729
922 354
675 102
966 539
572 742
149 147
99 856
745 238
391 826
867 340
933 507
242 848
941 360
120 396
854 587
695 281
494 74
622 549
228 146
708 132
582 757
152 458
487 883
368 533
555 379
920 908
295 60
989 660
642 681
310 603
369 445
42 493
206 536
856 953
711 517
177 822
749 163
928 373
307 880
604 746
44 98
990 727
661 605
445 194
835 454
549 732
596 237
93 271
363 342
808 489
863 13
614 909
649 799
354 15
669 708
943 421
526 119
340 206
285 731
296 172
62 439
669 629
382 976
331 402
709 713
781 236
620 20
878 932
574 445
334 646
740 909
580 698
173 380
112 402
835 163
222 987
794 248
27 731
216 163
913 734
117 191
318 869
693 871
270 968
519 751
44 269
542 532
357 850
286 342
271 550
201 318
594 191
393 620
215 197
91 347
861 371
737 333
872 692
245 990
564 309
582 567
91 456
863 894
292 673
958 518
280 169
318 673
444 996
449 566
402 644
850 774
355 700
172 798
247 378
450 152
582 721
181 24
974 351
502 684
934 761
952 313
181 905
739 915
996 2
298 230
514 980
69 825
565 164
514 982
53 368
791 550
563 447
872 763
948 195
551 467
805 326
218 416
97 529
994 257
32 164
368 76
791 772
902 679
173 557
670 643
675 823
674 734
135 753
579 711
799 670
207 225
31 544
433 273
987 918
839 137
878 977
41 212
226 328
157 970
653 965
602 543
343 995
206 425
596 241
230 275
213 559
969 385
897 684
550 678
18 591
19 858
884 820
92 895
278 997
762 328
966 310
514 175
382 57
419 49
633 221
380 586
969 227
474 515
861 437
556 453
600 385
253 165
864 118
258 691
797 606
407 168
929 462
486 309
626 528
36 492
936 530
408 75
656 657
200 237
992 281
834 628
245 803
730 645
802 22
343 384
129 928
224 610
8 527
81 431
199 475
825 984
256 301
259 926
557 497
744 136
526 576
416 442
721 232
32 371
868 395
530 289
549 515
277 695
994 690
869 530
43 291
303 156
916 965
818 759
969 609
362 650
913 293
951 988
878 514
829 70
170 581
990 98
959 711
122 442
490 294
416 589
454 405
847 543
149 585
277 388
335 434
290 408
357 726
840 752
25 324
957 339
785 103
317 780
785 322
725 255
789 394
998 311
577 672
338 148
822 706
605 242
30 101
629 252
409 967
267 481
116 792
605 99
422 847
884 46
542 620
85 911
795 10
314 63
120 258
158 996
604 44
362 835
972 520
115 383
767 561
436 893
838 492
941 660
980 846
967 660
180 378
698 507
828 778
759 534
996 228
941 549
981 287
512 75
20 338
959 65
234 714
792 282
665 524
133 110
797 23
502 775
236 371
655 233
549 598
647 288
513 704
39 372
910 473
731 652
18 49
203 119
576 715
961 391
322 347
506 44
269 320
570 757
274 470
614 998
316 829
275 405
697 750
969 508
518 524
390 879
118 96
339 885
411 128
290 663
479 850
239 788
687 124
898 854
172 634
861 825
109 564
239 645
439 327
151 435
585 943
839 998
552 160
992 935
140 55
913 753
699 288
211 33
421 554
443 110
616 487
712 693
654 568
555 801
628 361
535 410
392 859
399 819
3 726
931 98
1 249
280 944
177 280
254 798
76 929
357 31
159 297
737 864
423 484
63 845
963 179
985 911
379 424
453 669
721 901
280 253
630 978
21 682
685 755
188 129
198 846
949 14
590 677
919 874
480 883
300 246
712 446
587 570
357 203
532 137
75 366
425 371
947 658
839 352
860 669
184 230
429 700
247 213
229 634
513 605
388 423
913 256
900 26
853 38
451 954
464 684
515 741
193 98
95 295
335 340
407 107
502 303
585 617
605 630
553 459
671 639
451 728
801 661
641 952
332 764
92 734
507 26
994 190
562 410
306 348
770 392
715 760
847 463
426 937
407 702
945 371
983 671
729 548
716 857
535 162
149 867
749 874
608 770
664 532
2 903
974 881
261 650
63 562
300 160
963 480
249 696
379 761
417 388
93 887
955 132
59 982
900 771
758 318
127 520
20 982
383 914
441 383
777 757
927 538
118 153
729 992
346 260
890 953
813 774
450 358
730 609
453 881
6 3
890 808
1000 168
115 773
358 566
125 793
843 594
642 539
310 949
193 684
436 756
671 388
795 250
826 479
609 965
591 733
76 563
875 245
968 548
734 923
592 112
664 285
812 621
265 502
947 750
30 566
159 982
950 999
385 957
355 123
912 646
307 252
331 194
813 826
970 332
131 187
919 306
451 918
801 599
326 458
19 526
312 516
951 978
726 683
79 680
914 353
794 548
278 152
746 528
909 90
914 496
363 150
791 90
944 627
377 188
857 714
910 930
532 950
852 459
509 312
36 184
222 583
673 944
83 255
211 434
324 243
418 872
664 624
3 478
371 184
409 354
52 427
652 490
909 542
879 720
3 623
85 615
349 808
135 90
903 641
569 550
410 742
621 778
750 726
898 627
983 84
786 752
878 906
769 454
276 178
561 923
436 952
649 553
498 209
426 114
869 430
981 472
414 979
347 412
820 213
701 79
366 283
705 659
208 853
431 485
986 876
208 740
743 844
307 216
1 901
980 123
739 253
498 693
869 610
249 361
695 559
820 410
574 137
202 506
783 391
182 742
643 368
899 154
776 175
724 365
800 309
951 598
93 330
166 542
681 290
505 418
552 197
74 137
477 159
619 159
693 956
802 701
510 28
663 416
866 812
334 366
46 418
229 638
248 90
363 890
487 645
879 647
310 390
940 777
516 431
410 472
971 997
441 889
328 369
46 751
897 75
627 244
480 667
506 919
987 565
141 890
58 168
422 697
51 673
345 444
113 680
259 876
719 546
621 528
165 525
788 233
185 404
960 977
553 897
181 960
899 685
661 470
60 759
132 260
351 400
835 351
914 575
753 250
57 835
479 124
86 182
640 718
18 46
576 716
649 144
811 669
114 327
919 261
687 793
174 708
502 81
196 772
697 749
239 934
479 77
166 344
891 803
460 716
838 505
550 269
623 841
334 680
631 722
482 412
925 807
451 652
291 215
734 201
3 530
198 451
671 696
589 608
387 729
742 327
444 414
373 480
656 30
827 199
594 838
836 162
21 890
139 249
379 732
289 564
806 3
954 206
884 3
595 208
506 51
732 115
534 445
96 169
647 246
798 358
147 432
935 699
332 972
243 219
315 742
132 587
759 810
690 953
217 677
966 842
663 878
526 654
731 92
181 947
110 11
76 175
972 660
521 270
599 221
639 912
237 124
94 543
262 623
123 125
195 664
731 378
787 60
676 666
810 103
812 537
448 300
122 831
647 44
433 696
714 539
701 271
579 975
691 265
13 781
929 652
880 382
623 542
187 998
648 116
672 106
639 468
530 8
895 958
308 622
972 437
502 300
766 937
72 693
142 493
292 442
274 733
135 540
670 839
576 148
683 712
445 714
210 878
525 229
84 939
502 462
801 773
362 181
533 746
760 480
297 550
468 441
92 509
681 47
704 231
561 290
724 234
687 486
581 175
728 749
451 390
296 75
478 641
906 766
138 324
90 637
201 316
960 498
818 437
547 113
713 345
314 244
172 250
530 996
231 601
368 853
475 818
768 896
953 132
975 543
389 408
281 519
177 630
989 719
295 34
560 433
693 251
968 982
825 51
474 131
411 670
706 316
895 118
346 889
772 381
555 7
4 775
133 165
62 21
617 450
415 847
142 909
825 269
526 650
224 919
890 493
6 766
861 836
914 45
915 508
613 743
192 781
64 395
504 527
29 406
657 853
765 940
434 198
367 730
26 396
298 425
446 609
32 789
382 611
735 933
701 245
616 563
190 618
49 630
396 157
652 289
226 326
870 615
942 368
351 379
201 102
379 981
832 939
861 864
642 644
24 899
62 691
102 332
304 403
358 218
641 165
923 100
308 791
442 257
263 689
837 152
783 870
565 977
667 969
617 550
500 942
27 598
310 443
480 402
266 821
570 359
932 322
594 161
409 779
690 652
674 265
181 311
519 622
789 40
2 650
122 935
928 644
729 963
954 984
560 127
245 801
449 528
815 537
911 490
396 869
937 875
720 373
600 294
878 470
379 192
108 898
489 640
474 244
151 662
371 612
122 546
124 116
640 453
554 375
839 761
631 359
498 801
946 717
564 300
982 247
330 614
976 444
830 427
354 352
942 865
402 170
596 748
354 211
173 877
769 818
94 241
776 114
354 66
65 29
944 275
588 975
496 772
628 440
912 385
855 675
252 980
571 644
184 620
761 374
210 532
961 884
548 157
287 424
969 321
678 299
934 897
518 832
633 812
761 231
760 967
549 214
291 826
308 836
408 638
83 444
837 235
286 611
418 683
555 950
112 476
365 774
313 562
371 377
101 544
637 946
22 408
466 238
379 819
767 844
624 470
594 242
915 911
889 982
54 920
837 414
90 565
608 954
646 700
31 438
427 886
413 823
196 185
470 968
521 853
38 652
349 581
977 420
336 300
561 165
113 734
168 809
155 785
731 194
896 61
941 547
212 853
764 138
590 314
114 83
632 492
407 249
879 103
215 819
401 403
554 363
170 80
562 846
69 878
968 637
184 204
989 985
846 578
869 675
506 443
640 719
34 594
644 271
23 792
294 896
286 656
969 946
885 563
436 465
899 987
188 370
134 872
627 836
565 444
264 291
681 151
654 194
930 890
679 533
592 389
904 769
653 954
392 563
417 946
507 682
245 895
776 224
11 283
328 450
794 568
202 487
476 202
386 254
79 927
268 254
328 337
864 355
292 244
82 224
743 21
67 588
819 765
845 581
723 25
768 744
605 69
770 442
42 773
793 75
758 621
564 898
763 921
499 594
327 804
453 633
628 9
811 603
372 335
618 99
600 746
730 601
181 367
953 510
266 721
767 640
650 294
764 968
485 185
237 968
132 564
996 267
445 539
11 369
803 749
833 626
66 323
864 636
973 182
497 69
740 135
704 917
707 470
638 546
696 805
787 462
497 470
425 369
194 168
997 385
949 302
808 718
937 494
721 327
226 895
339 580
822 944
592 180
294 940
756 847
598 545
781 438
639 582
985 107
198 264
769 890
757 535
123 899
389 6
356 716
304 650
191 786
412 733
783 510
550 479
109 901
992 615
921 557
154 388
943 132
467 769
630 88
279 284
746 589
339 113
529 225
477 916
794 199
717 242
316 263
173 138
220 910
736 346
172 326
966 344
77 511
974 887
352 194
315 438
281 202
967 915
118 767
642 213
859 266
242 657
719 929
477 470
371 79
233 82
723 275
20 71
42 539
831 281
284 588
68 971
471 414
538 567
945 543
733 600
755 128
906 130
601 554
674 166
323 300
237 206
937 552
958 246
473 456
75 268
115 842
359 665
367 556
69 806
6 225
535 969
739 882
207 680
407 314
377 661
986 825
679 366
947 910
415 620
640 550
164 428
170 733
248 533
696 381
400 330
697 548
607 105
408 837
156 111
615 594
148 783
610 565
248 499
943 152
215 346
508 829
757 642
218 995
202 428
535 482
371 495
473 149
417 747
970 937
936 217
719 246
996 937
667 859
10 586
818 229
343 706
813 414
797 825
64 675
961 683
784 172
324 253
460 437
163 57
111 727
280 891
353 667
564 971
174 411
514 783
234 142
956 739
309 752
435 941
691 275
251 577
381 222
958 598
297 989
279 853
124 288
440 351
901 702
45 504
964 210
794 945
669 291
651 792
377 885
599 934
859 93
402 886
369 489
721 92
29 53
548 759
830 842
381 944
384 644
405 754
9 57
337 740
782 412
750 530
845 260
357 54
178 563
288 95
180 165
480 757
40 528
39 290
260 29
173 876
715 233
697 358
312 708
481 723
189 2
139 821
433 592
880 391
900 476
207 418
227 288
13 165
820 267
240 949
717 701
813 574
995 807
889 296
523 972
911 621
516 147
867 228
663 220
973 996
814 344
616 703
882 582
158 9
913 889
27 531
71 401
330 285
731 989
528 611
597 825
512 885
849 660
991 593
962 941
11 827
552 485
672 949
511 444
908 860
490 249
361 921
382 427
629 874
101 257
564 943
525 671
732 101
499 250
684 240
54 322
864 986
449 578
674 413
811 796
280 228
471 326
924 580
561 902
981 533
104 55
357 299
730 791
108 999
369 311
971 547
741 181
246 637
30 338
787 437
38 841
539 724
756 598
243 573
561 608
377 627
284 457
180 10
181 895
113 25
866 904
5 417
526 893
998 782
288 123
364 942
189 181
274 959
468 892
431 104
952 833
536 512
868 509
373 825
800 117
551 218
655 313
382 553
662 623
57 652
402 847
135 677
762 971
601 79
430 419
566 359
18 865
894 592
856 969
740 518
282 154
65 282
545 528
70 21
278 48
899 9
410 70
112 362
274 921
495 601
758 209
932 8
944 573
463 511
600 175
413 726
491 808
982 178
989 3
990 484
477 303
605 211
701 736
840 348
894 19
288 995
988 76
491 556
24 265
791 467
746 42
201 407
559 996
968 79
534 290
216 471
232 330
587 832
452 439
608 165
791 744
991 913
546 231
345 414
860 459
203 968
76 346
114 229
544 524
803 637
27 123
146 296
242 343
635 954
401 286
459 128
385 805
156 224
598 682
971 301
294 82
665 926
902 925
783 170
274 422
556 528
942 521
544 456
783 219
696 243
645 198
579 606
449 10
677 245
553 447
57 680
562 695
818 781
433 457
715 415
535 360
519 318
839 663
301 306
653 989
987 831
89 744
387 153
847 347
539 26
758 130
235 732
657 427
205 935
336 794
636 250
709 471
417 703
435 690
700 610
267 477
362 85
823 224
854 876
42 855
95 120
426 694
281 201
231 885
435 848
275 551
276 468
477 469
542 939
64 614
48 91
504 365
606 530
699 156
920 351
812 149
565 635
912 530
957 798
24 3
595 972
64 772
85 678
747 761
161 254
548 510
309 46
204 308
485 301
826 363
845 61
294 269
208 78
246 522
781 789
138 873
806 424
733 712
971 678
539 751
385 656
575 229
685 613
924 803
319 827
603 228
640 362
878 46
481 980
743 980
518 172
99 382
526 906
360 951
325 715
74 589
77 243
22 741
5 505
504 674
322 367
621 393
400 429
386 752
558 650
479 455
998 929
657 843
401 21
518 568
44 907
338 616
637 411
1000 517
395 755
463 401
100 900
809 33
282 163
179 217
986 715
959 666
734 101
520 187
942 374
448 246
418 530
917 572
455 525
315 134
779 851
889 109
706 589
802 652
340 307
554 553
131 888
405 377
444 465
480 626
865 69
719 102
693 839
571 151
516 764
367 312
918 184
23 540
327 862
480 259
379 631
604 68
324 675
168 672
728 83
873 125
450 470
661 108
864 872
428 257
590 173
849 21
518 837
955 609
668 638
45 737
530 635
638 744
381 513
111 360
668 493
680 955
797 498
717 888
385 877
887 136
845 53
362 359
307 172
330 759
574 82
143 158
182 987
955 326
476 700
459 950
832 396
554 633
655 292
83 412
684 952
424 430
652 622
908 960
574 287
373 70
439 383
701 904
373 247
151 734
128 720
951 704
476 224
663 76
616 719
93 105
295 749
975 127
614 405
101 558
638 287
857 596
841 127
714 503
608 862
420 640
865 97
719 122
352 28
552 802
944 368
192 501
46 272
379 821
931 74
344 688
521 970
149 9
296 563
770 106
828 689
668 926
461 952
318 515
135 443
276 115
850 936
80 186
34 61
931 313
133 19
817 386
301 625
665 758
573 965
802 425
77 859
7 577
146 487
498 978
493 930
213 77
786 839
203 107
646 262
838 579
460 301
715 154
512 919
809 863
227 462
249 266
710 393
503 389
621 226
463 811
253 707
473 963
183 696
402 449
482 883
247 561
620 45
732 663
77 387
201 969
588 723
828 162
4 428
563 951
140 92
254 326
572 191
225 76
463 510
818 219
16 97
533 580
546 591
942 136
234 37
839 512
770 9
685 154
779 349
706 855
746 920
196 505
859 683
510 281
975 369
212 301
45 140
546 403
429 365
289 698
287 851
695 118
202 953
617 798
90 902
264 631
816 4
944 201
86 698
712 117
659 590
20 28
732 753
591 423
479 921
502 554
618 259
51 702
877 758
533 474
773 459
721 10
189 532
100 81
30 316
358 921
640 16
73 799
294 369
596 977
263 686
450 83
623 212
443 630
113 4
612 42
612 185
26 516
725 390
763 63
411 66
217 151
808 494
536 541
22 568
9 413
939 552
799 784
925 629
106 761
51 24
18 819
151 13
500 401
636 517
126 591
161 857
413 163
540 195
210 730
504 835
872 728
287 354
572 236
792 678
746 587
799 455
399 981
165 659
22 100
389 367
609 692
407 698
175 590
145 623
148 570
554 709
3 345
478 757
634 375
526 462
548 59
396 312
167 639
153 21
102 16
505 554
569 925
881 851
589 610
701 65
594 184
858 581
729 891
736 41
220 378
498 372
693 437
140 539
773 393
756 459
337 67
215 38
876 924
146 619
169 666
242 960
777 987
52 321
704 836
9 178
941 617
545 448
410 979
34 839
988 516
204 27
995 480
25 696
786 516
566 489
894 938
40 679
647 552
616 122
259 195
319 651
549 618
967 783
199 627
381 862
521 9
72 591
108 349
695 941
147 875
304 842
714 909
587 393
430 152
921 749
117 330
340 239
462 585
517 383
518 968
255 77
923 169
706 731
555 251
179 841
932 137
491 171
917 628
19 752
520 779
135 914
926 939
13 498
19 865
577 735
740 852
874 267
602 826
35 151
680 192
279 512
504 428
358 142
970 649
883 360
775 864
617 692
543 196
175 832
125 501
271 513
453 430
613 384
263 157
659 680
842 606
951 413
978 142
707 852
48 471
924 870
858 456
366 227
445 720
180 355
586 682
119 983
601 667
447 183
765 408
950 266
788 209
514 156
497 178
778 443
229 843
69 998
105 437
214 241
532 222
720 150
385 755
904 349
975 786
726 156
692 484
964 513
822 648
407 491
890 413
469 30
677 473
995 250
652 777
619 710
745 458
86 281
441 419
255 690
950 886
313 627
26 636
812 883
709 985
191 630
178 787
697 725
369 900
408 820
961 450
136 355
429 930
670 736
691 512
251 440
804 690
640 947
951 573
19 558
611 136
325 278
653 915
265 978
144 173
970 233
365 737
918 281
163 360
974 608
44 541
46 367
248 128
581 322
88 489
14 529
471 957
491 804
554 522
573 318
336 995
813 367
154 156
103 147
510 147
171 563
978 449
118 628
618 822
983 560
15 834
931 77
680 331
996 685
486 566
871 799
234 224
366 925
292 512
258 647
99 802
137 577
301 846
86 556
984 880
267 184
511 826
685 517
747 563
529 644
932 583
458 798
555 388
572 574
719 697
744 459
212 344
871 594
765 459
342 356
76 304
294 507
523 243
997 136
859 187
860 400
252 617
555 162
169 611
152 335
467 320
859 296
18 264
703 75
464 304
377 625
327 423
916 640
664 345
829 673
482 460
100 867
341 7
437 532
21 853
170 369
421 537
588 927
221 578
900 35
229 1
668 7
672 66
322 455
179 114
9 399
344 162
559 835
183 699
795 61
66 627
329 365
522 190
55 645
304 463
710 59
73 134
71 631
342 627
315 193
558 895
213 738
823 361
609 165
224 133
44 400
724 210
289 607
658 576
291 57
497 732
404 888
796 726
33 594
568 813
509 109
837 897
755 877
424 144
633 265
549 819
603 673
175 888
876 667
806 966
99 862
560 220
278 627
798 362
513 202
716 983
77 139
814 528
285 478
253 330
954 927
424 894
342 738
350 324
858 307
667 2
401 594
823 755
975 965
494 63
257 940
24 199
48 765
871 711
787 354
38 792
721 154
261 119
13 726
808 802
56 71
403 474
722 516
482 353
635 813
797 246
583 709
285 770
235 603
180 159
881 62
203 22
596 551
912 128
545 871
285 548
861 709
271 497
278 407
668 107
338 642
28 202
800 147
430 338
801 590
530 4
238 751
847 519
267 580
658 224
24 960
349 179
331 392
4 498
5 583
439 422
991 757
278 96
782 608
692 566
145 733
143 894
235 338
953 867
187 23
119 976
211 413
50 805
107 284
384 337
348 2
132 983
115 825
858 723
91 288
404 131
921 31
281 376
104 693
780 870
72 785
508 335
806 994
888 213
281 489
135 386
563 883
836 29
140 532
73 591
96 312
530 883
694 6
929 247
364 556
863 538
740 215
726 262
85 390
621 724
790 46
436 80
78 517
164 673
925 20
459 174
316 557
445 143
108 719
553 622
933 364
269 570
976 355
943 353
48 854
226 870
436 363
74 730
574 7
978 884
299 615
397 462
666 553
248 536
710 470
412 653
416 712
368 209
153 523
179 420
821 648
933 462
477 962
494 992
390 955
847 216
13 96
608 598
274 588
461 590
387 375
207 158
652 313
70 226
36 86
753 556
112 436
741 919
316 294
67 632
249 893
582 73
785 489
291 96
257 176
831 890
249 750
175 722
154 912
864 413
537 489
168 388
979 956
708 262
638 195
25 174
749 11
653 216
993 985
150 630
68 923
709 141
295 796
924 716
30 91
90 238
896 85
567 99
237 26
704 818
122 703
301 668
826 269
369 494
425 428
336 241
104 109
154 737
363 266
864 551
223 364
80 246
650 174
24 121
380 345
532 334
406 951
958 96
113 295
749 165
697 506
56 494
59 879
668 141
666 922
776 118
999 562
337 1
583 947
855 718
405 71
209 850
250 142
527 792
714 817
348 560
863 208
701 21
70 44
74 937
74 35
289 287
745 814
249 63
675 567
947 314
197 423
736 551
70 954
376 438
344 916
491 807
224 250
742 348
969 909
567 771
241 857
257 156
334 482
245 717
746 930
735 567
875 842
72 141
224 984
775 839
776 895
319 475
50 636
646 688
390 995
335 621
751 309
627 251
68 560
522 373
105 229
90 851
272 748
384 982
59 724
708 175
488 10
696 559
16 737
181 41
828 768
246 961
318 498
357 296
769 342
988 606
43 73
934 315
185 264
556 777
117 973
208 935
728 994
816 678
748 545
812 354
270 147
454 319
350 861
257 913
798 741
696 107
125 687
169 173
960 672
657 896
350 127
472 489
895 101
614 875
631 907
174 78
771 422
277 561
770 60
821 704
491 229
93 169
350 296
378 689
571 386
112 365
711 550
151 318
211 19
709 496
602 832
684 562
496 923
10 513
852 264
362 124
206 133
979 903
301 143
849 488
254 177
154 915
305 293
306 758
551 640
23 695
926 444
784 405
234 340
38 684
489 951
780 119
100 381
780 929
877 611
894 323
726 392
431 612
254 589
479 808
1000 193
449 333
30 290
158 375
237 230
384 352
596 979
133 59
355 871
372 783
973 259
740 18
263 791
985 333
290 633
455 81
505 599
761 758
43 851
863 343
249 458
251 148
566 557
816 573
351 145
173 689
673 297
948 357
73 455
715 178
878 738
536 543
443 599
705 120
942 639
506 189
549 807
680 682
473 940
238 748
297 254
939 699
778 887
598 348
911 561
970 223
776 364
69 275
16 417
415 315
399 934
531 73
790 285
70 455
154 51
391 450
339 117
823 479
827 792
222 962
540 483
489 75
430 783
642 399
755 554
373 463
727 656
432 415
766 366
560 893
935 999
96 108
763 968
675 442
324 20
328 47
419 376
619 265
237 646
988 962
722 18
250 975
750 572
436 652
636 581
11 256
698 458
440 310
439 696
803 653
938 118
376 759
485 443
436 81
988 518
262 701
322 72
394 589
363 636
60 692
920 653
62 30
195 635
398 60
146 45
187 827
282 541
913 341
877 28
643 636
810 215
667 354
388 385
566 696
294 863
355 351
571 895
383 181
882 596
762 817
465 872
643 171
992 519
373 16
447 825
365 652
701 978
303 682
878 826
183 896
511 311
45 927
852 465
875 976
838 228
931 962
949 839
861 29
866 96
300 243
653 305
985 965
721 635
277 45
101 489
459 455
915 679
11 78
367 37
603 489
81 134
599 860
496 87
34 20
777 612
853 257
695 350
31 965
171 46
424 823
150 849
302 952
694 914
110 85
664 417
787 261
831 31
318 422
636 421
229 841
526 322
713 692
753 693
299 279
220 564
673 6
86 61
397 702
702 155
575 107
887 133
543 969
251 819
312 857
22 644
976 320
316 929
853 134
356 418
913 305
881 197
212 353
179 24
252 610
53 927
421 507
992 933
874 681
502 254
175 204
322 528
195 770
235 977
112 100
666 701
424 32
116 867
299 864
269 904
454 396
938 585
409 317
541 764
65 907
719 136
378 666
487 76
803 562
741 268
224 268
101 730
124 813
516 445
495 950
25 510
278 920
525 441
696 787
514 138
418 791
736 262
828 366
906 203
547 302
361 455
750 811
602 477
718 261
819 687
569 663
983 980
927 27
306 723
789 230
77 276
208 461
22 49
48 102
196 166
552 662
534 282
243 197
627 736
858 426
215 123
137 151
351 522
309 99
459 442
143 800
871 733
270 374
281 970
437 463
683 491
649 303
245 615
878 556
998 544
378 425
251 941
379 80
750 65
220 864
208 920
136 197
389 253
325 709
123 87
53 256
262 564
899 544
294 42
815 508
613 835
26 559
355 185
144 751
825 441
644 155
672 68
781 286
554 168
666 622
79 727
299 831
141 16
87 820
718 826
684 894
442 625
513 589
705 189
28 390
622 554
878 912
572 203
350 297
587 674
982 946
783 647
254 325
3 209
213 654
67 930
374 546
82 609
245 319
103 177
586 221
991 448
749 674
292 832
497 722
349 273
957 594
941 45
598 496
68 175
171 650
418 938
935 595
738 611
371 118
210 200
175 890
833 954
1000 652
780 979
458 929
699 229
868 660
907 464
211 575
768 954
898 565
683 297
294 777
949 230
789 845
186 754
171 365
355 793
906 817
693 225
142 665
678 639
590 283
833 486
651 693
432 749
308 48
312 51
664 264
249 911
167 335
147 995
743 829
869 706
342 834
143 279
56 423
240 132
855 647
22 575
373 793
514 671
148 897
130 660
41 87
425 816
511 93
412 730
605 591
901 581
631 799
409 324
227 717
193 429
710 138
969 284
736 625
74 120
607 278
630 93
724 322
102 346
305 900
552 131
741 881
499 378
500 33
175 587
452 844
76 976
662 75
402 675
337 388
874 165
340 761
624 388
788 533
688 909
241 864
484 460
978 600
107 687
111 815
611 751
685 12
499 9
135 111
124 682
765 175
512 381
953 285
385 345
918 621
885 758
815 899
587 986
34 950
241 428
224 606
261 183
869 34
95 398
